Layer Title, Color, Specimen ID
Layer 1, Blue, DO2W_QURU_CAN10_07172018

Mode, Integration Time, Boxcar Width, Scans to Average
Reflectance,450 ms,10,3

Wavelength, Raw Spectrometer Data, Calibrated and Averaged Data
345.21991,1413.78109375,54.1666666666669%
345.435498861008,1426.06890625,100%
345.651076862504,1459.5190625,100%
345.866644002202,2985.9384375,81.8181818181807%
346.082200277813,2779.77625,100%
346.297745687047,2626.86125,2.89855072463782%
346.513280227618,3237.1559375,0%
346.728803897236,2882.1746875,100%
346.944316693613,2706.73203125,0%
347.15981861446,3166.1596875,0%
347.37530965749,2691.68108630952,100%
347.590789820413,2774.54255208333,100%
347.806259100942,2847.55426339286,100%
348.021717496787,2925.50710565476,100%
348.237165005661,2916.40502232143,83.3594976452099%
348.452601625276,2941.98837797619,72.6890756302499%
348.668027353342,2985.02822916667,76.7857142857126%
348.883442187571,2967.3766889881,73.3404710920797%
349.098846125676,2967.14913690476,59.3783494105019%
349.314239165367,3003.52496279762,44.774851316906%
349.529621304356,2991.62723958333,40.3181189488235%
349.744992540355,3023.51703869048,36.1008610086089%
349.960352871075,3041.39613095238,34.9508954361636%
350.175702294228,3043.24905505952,32.8295987493481%
350.391040807526,3047.01991815476,32.5842696629202%
350.606368408679,3080.47007440476,34.7586206896549%
350.821685095401,3110.24688988095,33.1236897274634%
351.036990865402,3120.03162946429,31.9983136593591%
351.252285716393,3131.50675595238,30.3694681282976%
351.467569646088,3118.76383928571,27.2415108737117%
351.682842652196,3098.70674851191,27.9149259399921%
351.89810473243,3106.0859375,20.3597710547831%
352.113355884501,3112.58742559524,19.5181706819099%
352.328596106122,3125.29783482143,25.5336617405592%
352.543825395002,3111.25462053571,26.6972094960436%
352.759043748855,3124.48514880952,29.8814229249007%
352.974251165392,3106.18345982143,27.6829730754644%
353.189447642324,3088.30436755952,25.9941089837985%
353.404633177362,3116.39079613095,36.9588173178461%
353.619807768219,3101.4373735119,37.5043207742825%
353.834971412607,3069.12497767857,37.1741594257652%
354.050124108236,3062.16838541667,33.1254585473215%
354.265265852818,3033.91941964286,31.3343328335836%
354.480396644065,3017.24310267857,33.8907469342259%
354.695516479689,3039.47819196429,32.2494261667942%
354.9106253574,3044.58186011905,35.0074404761903%
355.125723274911,3022.63933779762,35.1548269581051%
355.340810229934,3016.1053422619,37.0909090909088%
355.555886220179,3015.58522321429,37.0137087810308%
355.770951243359,3024.84984375,41.3313275667548%
355.986005297185,3047.73508184524,40.611192930781%
356.201048379369,3057.22725446429,40.6115248921994%
356.416080487621,3064.21635416667,46.1835003855047%
356.631101619655,3052.15609375,41.8850215095808%
356.846111773181,3024.81733630952,40.7246947617168%
357.061110945911,3029.14082589286,38.6023916292974%
357.276099135557,3035.41476190476,37.6389421234189%
357.49107633983,3063.98880208333,36.512370311253%
357.706042556441,3070.94539434524,36.4238410596029%
357.920997783104,3043.44409970238,26.2901259650545%
358.135942017528,3073.8710639881,26.3221153846156%
358.350875257425,3105.98841517857,25.6326825741136%
358.565797500508,3107.77632440476,29.2484265087007%
358.780708744488,3112.81497767857,28.9355322338834%
358.995608987076,3141.61656994048,26.358974358974%
359.210498225985,3132.05938244048,29.0979631425803%
359.425376458925,3112.26235119048,23.2329635499208%
359.640243683608,3120.68177827381,24.8735777496839%
359.855099897745,3113.75769345238,23.9240506329114%
360.06994509905,3103.38781994048,24.4409448818895%
360.284779285232,3088.23935267857,20.9855849815625%
360.499602454003,3060.18543154762,18.9100459619172%
360.714414603076,3087.84926339286,19.3950732772066%
360.929215730162,3077.5444047619,17.4314752078848%
361.144005832972,3065.97175595238,17.141971481711%
361.358784909218,3081.99792410714,16.8508287292823%
361.573552956612,3069.25500744048,11.8654624727506%
361.788309972865,3062.36343005952,12.4700239808158%
362.003055955688,3029.53091517857,12.4928366762185%
362.217790902794,3020.33130952381,9.92410974897869%
362.432514811894,3040.32338541667,6.95125468704964%
362.647227680699,3032.26154017857,9.64052287581739%
362.861929506922,2999.26648809524,14.6289375333692%
363.076620288273,3003.85003720238,13.2881709223558%
363.291300022465,3008.43358630952,15.4491017964075%
363.505968707208,2996.01574404762,15.5135773317588%
363.720626340215,2984.31306547619,14.7661829071642%
363.935272919197,3020.59136904762,14.0087145969501%
364.149908441866,3008.88869047619,12.5393164185364%
364.364532905934,3014.80504464286,9.48733058338237%
364.579146309111,3029.10831845238,9.21433743664032%
364.79374864911,3030.53864583333,8.38353413654614%
365.008339923641,3034.89464285714,7.00926979996742%
365.222920130418,3027.22288690476,9.48883225903196%
365.437489267151,3036.55252232143,9.2558728372486%
365.652047331552,3049.49048363095,10.7760880964867%
365.866594321332,3048.7428125,11.1702127659573%
366.081130234203,3048.02764880952,11.6702102527758%
366.295655067877,3051.18087053571,11.5843460809454%
366.510168820066,3049.03537946429,11.6122233930454%
366.72467148848,3026.15014136905,10.4131408661026%
366.939163070832,3021.85915922619,9.72222222222211%
367.153643564833,3018.02328125,9.38130759104873%
367.368112968194,3037.95034226191,8.05413986130849%
367.582571278628,3036.35747767857,8.51581508515821%
367.797018493846,3025.63002232143,7.82974251182336%
368.011454611559,3004.5001860119,7.37556887957801%
368.225879629479,3005.54042410714,6.78279953363981%
368.440293545318,2986.23100446429,6.57677308480401%
368.654696356787,2987.20622767857,5.97664878510566%
368.869088061598,2985.74339285714,6.84547394087161%
369.083468657462,2988.08392857143,7.07704946892788%
369.297838142092,3012.78958333333,7.82697086062791%
369.512196513198,3028.8157514881,8.53236788068739%
369.726543768492,3013.43973214286,7.75576690662617%
369.940879905687,3028.49067708333,8.14848809341708%
370.155204922492,3026.57273809524,7.60966875559532%
370.369518816621,3046.72735119048,6.98865008452058%
370.583821585784,3070.29524553571,6.74852420306971%
370.798113227694,3037.52774553571,6.3634670887255%
371.012393740062,3073.54598958333,6.47725196418792%
371.226663120598,3093.57057291667,6.15398517983011%
371.440921367016,3076.11407738095,6.41071749685306%
371.655168477027,3091.84767857143,6.26035555953601%
371.869404448341,3084.95610119048,6.5188470066518%
372.083629278672,3109.17414434524,6.22282728031269%
372.29784296573,3123.60744791667,5.91949486977102%
372.512045507227,3136.15531994048,5.83078935891841%
372.726236900874,3146.65522321429,5.89876618563896%
372.940417144384,3152.37653273809,5.90139551161462%
373.154586235468,3157.64273809524,6.00315264033631%
373.368744171837,3159.72321428571,6.01274107688282%
373.582890951202,3161.2510639881,5.48745910577978%
373.797026571277,3135.01755952381,5.5483085485695%
374.011151029772,3116.32578125,5.16078156488211%
374.225264324398,3122.63222470238,5.31348236115958%
374.439366452868,3111.5471875,5.10422584451336%
374.653457412893,3099.84450892857,5.34417913058691%
374.867537202184,3067.79217261905,5.99581990768967%
375.081605818454,3069.32002232143,6.12757843647074%
375.295663259413,3102.86770089286,6.77768166089965%
375.509709522774,3072.7658110119,6.30810669910497%
375.723744606248,3079.16977678571,7.29508196721304%
375.937768507546,3091.23003720238,7.49283238478325%
376.15178122438,3080.60010416667,7.32449933530598%
376.365782754462,3071.01040922619,6.95479812125657%
376.579773095504,3061.29068452381,7.04439049765905%
376.793752245216,3065.61417410714,7.37084710384422%
377.007720201311,3066.45936755952,7.60264439805153%
377.2216769615,3070.23023065476,7.71470792767725%
377.435622523495,3064.76898065476,7.87674197178223%
377.649556885007,3067.46709821429,7.50805678947829%
377.863480043748,3041.94875744048,6.97847392369622%
378.07739199743,3036.25995535714,7.24105919278543%
378.291292743764,3042.37135416667,6.91172548670994%
378.505182280461,3049.88057291667,6.90531383737517%
378.719060605234,3052.64370535714,6.76657789012779%
378.932927715794,3038.17789434524,6.83151340131754%
379.146783609852,3056.28453869048,6.40498667509834%
379.36062828512,3052.12358630952,5.64564015895489%
379.57446173931,3033.1717485119,5.68551155870902%
379.788283970133,3038.6329985119,5.16414607156024%
380.002094975302,3054.26907738095,5.42296350903052%
380.215894752526,3066.45936755952,5.00506959166736%
380.429683299519,3080.07998511905,4.52158557553786%
380.643460613992,3064.54142857143,4.65824185960709%
380.857226693655,3068.14975446429,4.46937649439035%
381.070981536222,3071.04291666667,5.01981505944518%
381.284725139403,3043.96421875,4.7023217996206%
381.49845750091,3036.42249255952,4.26548751619095%
381.712178618455,3035.67482142857,4.35476011163775%
381.925888489749,3034.24449404762,4.5100198194231%
382.139587112504,3050.01060267857,5.47214025342824%
382.353274484432,3069.02745535714,5.39048686877399%
382.566950603243,3083.33072916667,5.94134822902116%
382.780615466651,3177.01717261905,5.85789871504156%
382.994269072365,3155.3672172619,6.06624488276886%
383.207911418098,3149.09328125,6.18830056294361%
383.421542501562,3148.80071428571,6.06502287542013%
383.635162320468,3153.51429315476,6.34124819509067%
383.848770872527,3173.14878720238,6.23345842385938%
384.062368155452,3184.85146577381,6.42656469486498%
384.275954166954,3185.20904761905,5.90018030459957%
384.489528904744,3175.09923363095,5.87744893705704%
384.703092366534,3121.72201636905,5.54437737536326%
384.916644550035,3104.03796875,5.51423907128609%
385.13018545296,3115.05799107143,5.30343668418985%
385.34371507302,3118.63380952381,5.92107566791563%
385.557233407926,3115.57811011905,5.5740747104712%
385.77074045539,3143.59952380952,5.78143995677436%
385.984236213123,3146.16761160714,5.98193754790543%
386.197720678838,3138.78842261905,5.38285340314131%
386.411193850246,3147.20784970238,5.56993576838274%
386.624655725058,3150.3285639881,5.40345595383698%
386.838106300986,3167.13491071429,5.11761646936456%
387.051545575742,3159.10557291667,4.73221278390259%
387.264973547037,3061.71328125,4.90479278429512%
387.478390212582,3082.77810267857,4.63612641345322%
387.69179557009,3089.89723214286,4.58330972749414%
387.905189617272,3093.14797619048,4.6644007847688%
388.11857235184,3088.66194940476,4.48220895361094%
388.331943771505,3101.82746279762,4.71770664828023%
388.545303873978,3110.50694940476,4.83189465225391%
388.758652656972,3115.22052827381,4.96601400020288%
388.971990118198,3112.16482886905,5.04076726723004%
389.185316255368,3133.2621577381,5.30630062569723%
389.398631066192,3129.71884672619,5.36267823930562%
389.611934548384,3117.5610639881,5.27658777535876%
389.825226699653,3117.88613839286,4.77011494252871%
390.038507517713,3132.64451636905,4.7200704622959%
390.251777000274,3122.5997172619,4.69547916436386%
390.465035145049,3158.22787202381,4.89159803730839%
390.678281949748,3159.91825892857,4.99957630709259%
390.891517412083,3161.86870535714,4.59726998020217%
391.104741529767,3160.17831845238,4.19393096679203%
391.31795430051,3135.14758928571,4.42532884183511%
391.531155722024,3135.66770833333,4.3253952685472%
391.74434579202,3121.00685267857,4.19764977846271%
391.957524508211,3124.16007440476,4.10496330811752%
392.170691868309,3122.27464285714,4.09901320052585%
392.383847870023,3125.07028273809,4.15787942695072%
392.596992511067,3113.75769345238,4.16169955340462%
392.810125789151,3116.58584077381,4.13135223745244%
393.023247701988,3114.1477827381,3.9691780821918%
393.236358247288,3092.79039434524,4.19756400362379%
393.449457422764,3092.33529017857,4.14155513588965%
393.662545226128,3112.87999255952,4.03874621870374%
393.875621655089,3105.82587797619,3.93057199211042%
394.088686707362,3110.63697916667,3.90794279700368%
394.301740380656,3132.93708333333,4.01054130191135%
394.514782672683,3101.53489583333,3.74427049229121%
394.727813581156,3093.86313988095,3.86786261211991%
394.940833103785,3053.48889880952,3.63112474554889%
395.153841238283,3054.0740327381,3.65632256702554%
395.36683798236,3047.14994791667,3.75760418247275%
395.579823333729,3027.74300595238,3.93336042259245%
395.792797290101,3025.14241071429,4.03639943591518%
396.005759849188,3021.89166666667,4.13335601292738%
396.218711008701,3053.52140625,4.24753542821935%
396.431650766351,3058.36501488095,4.52030799087621%
396.644579119852,3053.16382440476,4.49632725743825%
396.857496066913,3052.67621279762,4.39728724567927%
397.070401605247,3046.33726190476,4.35298062414678%
397.283295732565,3039.41317708333,4.51414644484476%
397.496178446579,3042.4688764881,4.4893235345177%
397.709049745,3053.26134672619,4.3469338896679%
397.921909625541,3071.10793154762,4.2837402118839%
398.134758085912,3068.05223214286,4.23562753932846%
398.347595123825,3105.53331101191,4.43667418276091%
398.560420736992,3123.63995535714,4.47039698836412%
398.773234923125,3106.0859375,4.4160445400481%
398.986037679935,3113.75769345238,4.53530749343274%
399.198829005133,3113.98524553571,4.41021226004161%
399.411608896431,3131.01914434524,4.42618980341499%
399.624377351542,3124.71270089286,4.42438326778692%
399.837134368175,3124.77771577381,4.33435925584677%
400.049879944044,3236.79835565476,4.31008708902757%
400.262614076859,3244.56763392857,4.26531271987375%
400.475336764333,3234.36029761905,4.14111292409835%
400.688048004176,3224.67308035714,4.06383648380943%
400.900747794101,3216.25365327381,3.93992481477427%
401.113436131818,3209.78467261905,4.04163068508924%
401.32611301504,3219.406875,4.09495916543529%
401.538778441479,3234.4253125,4.03473555594344%
401.751432408845,3232.21480654762,3.86632789285561%
401.964074914851,3238.74880208333,3.95252557815971%
402.176705957207,3216.09111607143,3.95934415258491%
402.389325533626,3186.05424107143,3.95469031224717%
402.601933641819,3198.79715773809,4.01785714285714%
402.814530279499,3180.39794642857,3.96040400788703%
403.027115444375,3189.10994047619,4.00181502650894%
403.23968913416,3204.90855654762,4.04395880629374%
403.452251346566,3202.69805059524,3.97644393408026%
403.664802079304,3213.42550595238,3.98817411018603%
403.877341330086,3220.2195610119,4.0769818977461%
404.089869096623,3221.90994791667,4.13054373274889%
404.302385376627,3228.1513764881,4.18513265969392%
404.51489016781,3128.35353422619,4.18536108496933%
404.727383467883,3120.19416666667,4.16927786781919%
404.939865274557,3114.44034970238,4.27031332223977%
405.152335585545,3111.31963541667,4.2791273054431%
405.364794398558,3126.92320684524,4.28974547880842%
405.577241711307,3141.4540327381,4.18169553126463%
405.789677521504,3131.31171130952,4.19585189024764%
406.002101826862,3148.5406547619,4.28843860133828%
406.21451462509,3155.26969494048,4.32515133373244%
406.426915913901,3155.13966517857,4.29038328216302%
406.639305691007,3165.57455357143,4.24483608110669%
406.851683954119,3180.78803571429,4.2580311216072%
407.064050700949,3161.73867559524,4.23830288593914%
407.276405929208,3159.23560267857,4.19788774358779%
407.488749636608,3165.21697172619,4.14967949120012%
407.70108182086,3159.10557291667,4.21720435452602%
407.913402479676,3188.78486607143,4.23222171650695%
408.125711610768,3201.39775297619,4.27117323333171%
408.338009211848,3183.90875,4.27784275190199%
408.550295280626,3184.75394345238,4.24084864784104%
408.762569814815,3192.6532514881,4.2977075735329%
408.974832812126,3156.53748511905,4.20781451266639%
409.18708427027,3188.23223958333,4.18702960873957%
409.39932418696,3204.58348214286,4.07189171006692%
409.611552559907,3228.9640625,4.10485322963824%
409.823769386822,3240.04909970238,4.12298692321316%
410.035974665417,3256.56287946429,4.1302895449038%
410.248168393404,3284.25921875,4.12324167449395%
410.460350568494,3270.80113839286,4.16203442477331%
410.672521188399,3262.99935267857,4.19372744934776%
410.88468025083,3258.83840029762,4.13927883292044%
411.096827753499,3284.71432291667,4.16828344546036%
411.308963694118,3294.95416666667,4.14388146092689%
411.521088070399,3316.86418154762,4.20842870607244%
411.733200880052,3324.82850446429,4.15074576615382%
411.945302120789,3330.58232142857,4.14021881279704%
412.157391790323,3328.20927827381,4.12803566994733%
412.369469886364,3304.93395089286,4.15155052209848%
412.581536406624,3281.52859375,4.17108500446623%
412.793591348816,3292.77616815476,4.15169101668456%
413.005634710649,3294.46655505952,4.19190407891614%
413.217666489837,3311.89054315476,4.20102564102565%
413.42968668409,3336.88876488095,4.28742576024065%
413.641695291121,3327.72166666667,4.2904941964941%
413.85369230864,3334.77578125,4.33722706984598%
414.06567773436,3317.8394047619,4.25435132514221%
414.277651565991,3315.30382440476,4.26926042936391%
414.489613801246,3306.39678571429,4.30496692676357%
414.701564437837,3293.06873511905,4.25098124190507%
414.913503473474,3301.48816220238,4.1831421524488%
415.12543090587,3313.97101934524,4.19090209374604%
415.337346732735,3302.6909375,4.27373611629134%
415.549250951782,3304.41383184524,4.29154524576876%
415.761143560723,3298.43246279762,4.31637397686662%
415.973024557268,3303.34108630952,4.21975168384322%
416.184893939129,3312.47567708333,4.24814212173979%
416.396751704019,3288.25763392857,4.21134281484564%
416.608597849648,3289.72046875,4.20536101117034%
416.820432373728,3289.91551339286,4.1981012717543%
417.032255273971,3316.08400297619,4.14434259898819%
417.244066548088,3323.78826636905,4.14165722037425%
417.455866193791,3349.50165178571,4.13894808863165%
417.667654208792,3328.01423363095,4.10656156619349%
417.879430590802,3327.59163690476,4.03828443927225%
418.091195337533,3341.66735863095,4.04609767229575%
418.302948446696,3338.70918154762,4.10402811177432%
418.514689916002,3335.19837797619,4.13198465547192%
418.726419743165,3331.19996279762,4.06872586177406%
418.938137925894,3315.01125744048,4.00938213358328%
419.149844461903,3318.42453869048,4.0785815336966%
419.361539348901,3304.90144345238,4.08472349050091%
419.573222584602,3295.70183779762,4.11048792923808%
419.784894166716,3311.01284226191,4.11308443808742%
419.996554092955,3301.52066964286,4.14486815380152%
420.208202361031,3305.38905505952,4.14547014683605%
420.419838968655,3292.87369047619,4.18616233502406%
420.631463913539,3290.30560267857,4.24732070682926%
420.843077193395,3312.02057291667,4.33529768610798%
421.054678805933,3325.18608630952,4.29680424375727%
421.266268748867,3338.7416889881,4.32928138825652%
421.477847019906,3349.59917410714,4.32946190912281%
421.689413616764,3345.95834077381,4.34029407497803%
421.900968537151,3319.00967261905,4.32322769310432%
422.112511778779,3331.75258928571,4.36349638102652%
422.32404333936,3356.0681547619,4.4749712494787%
422.535563216605,3345.47072916667,4.51171382987657%
422.747071408226,3368.45348958333,4.48707479574701%
422.958567911934,3375.54011160714,4.49026948294499%
423.170052725441,3362.60215029762,4.52349674072104%
423.38152584646,3373.55715773809,4.56432910909798%
423.5929872727,3375.99521577381,4.49272549319215%
423.804437001874,3369.59125,4.48790483518564%
424.015875031694,3390.16845982143,4.47371981745944%
424.22730135987,3431.51792410714,4.4300769221332%
424.438715984116,3438.79959077381,4.38413105935571%
424.650118902141,3447.9666889881,4.38403264350626%
424.861510111659,3475.95559523809,4.39511896608322%
425.07288961038,3489.80376488095,4.3886590656846%
425.284257396016,3495.13498511905,4.37950627510747%
425.495613466278,3485.67531994048,4.42184780952534%
425.706957818879,3490.84400297619,4.40275696733592%
425.91829045153,3482.45708333333,4.42215618950506%
426.129611361942,3484.37502232143,4.41400304414003%
426.340920547827,3494.67988095238,4.41254082195476%
426.552218006896,3480.57165178571,4.38584695217453%
426.763503736862,3477.5809672619,4.33288705110129%
426.974777735436,3488.79603422619,4.30183329066814%
427.186040000329,3482.97720238095,4.27980437871401%
427.397290529253,3494.61486607143,4.24394142397104%
427.60852931992,3503.45688988095,4.21377103560504%
427.81975637004,3524.61923363095,4.18187270935653%
428.030971677327,3510.02339285714,4.23353528140124%
428.242175239491,3529.75540922619,4.21476406147176%
428.453367054244,3527.44738095238,4.18761180938986%
428.664547119298,3490.42140625,4.22109234555709%
428.875715432364,3476.085625,4.21866631732663%
429.086871991153,3499.52348958333,4.21888165969611%
429.298016793378,3485.61030505952,4.2061520532401%
429.50914983675,3475.98810267857,4.17127992552382%
429.72027111898,3451.3799702381,4.15498586830561%
429.931380637781,3462.53002232143,4.10813615449767%
430.142478390864,3476.37819196429,4.08861911525587%
430.353564375939,3467.47115327381,4.11523102818085%
430.56463859072,3474.52526785714,4.14302768461144%
430.775701032917,3466.78849702381,4.12764219031335%
430.986751700243,3475.82556547619,4.13951083654424%
431.197790590408,3472.44479166667,4.17184101394627%
431.408817701124,3465.94330357143,4.18312394538751%
431.619833030104,3443.87075148809,4.18899573530403%
431.830836575058,3431.35538690476,4.20581722425041%
432.041828333698,3461.6198139881,4.26124276917335%
432.252808303736,3433.53338541667,4.29108653803106%
432.463776482883,3452.3226860119,4.29443508594087%
432.674732868851,3441.07511160714,4.26737932136737%
432.885677459352,3445.98373511905,4.25583233452943%
433.096610252096,3442.11534970238,4.22660871754245%
433.307531244797,3450.46976190476,4.22882359669546%
433.518440435165,3426.8043452381,4.23362027296778%
433.729337820911,3417.96232142857,4.21603005866454%
433.940223399749,3410.06301339286,4.21698717241075%
434.151097169388,3399.79066220238,4.2015602435538%
434.361959127541,3384.4796577381,4.22030343875216%
434.572809271919,3369.23366815476,4.21478821632713%
434.783647600234,3365.75537202381,4.19446358664574%
434.994474110198,3348.39639880952,4.14886679221227%
435.205288799522,3350.83445684524,4.11403759271869%
435.416091665917,3350.76944196429,4.09134471179522%
435.626882707096,3355.32048363095,4.04545471159505%
435.837661920769,3348.75398065476,4.06650428889124%
436.048429304649,3352.45982886905,4.05380733643461%
436.259184856448,3365.00770089286,4.10569802335799%
436.469928573875,3324.08083333333,4.09862650277505%
436.680660454645,3351.25705357143,4.05408354795058%
436.891380496466,3335.36091517857,4.03308526658082%
437.102088697053,3330.61482886905,4.08730346355142%
437.312785054115,3298.56249255952,4.09189140107146%
437.523469565365,3313.35337797619,4.13252246528094%
437.734142228515,3339.16428571429,4.14709547110729%
437.944803041275,3333.9630952381,4.13173435745081%
438.155452001357,3338.28658482143,4.14084823287834%
438.366089106474,3324.47092261905,4.13003008342799%
438.576714354336,3357.82355654762,4.15602600191533%
438.787327742656,3342.05744791667,4.1501747060444%
438.997929269144,3348.16884672619,4.16973300222952%
439.208518931513,3355.77558779762,4.16657604164401%
439.419096727474,3367.28322172619,4.14480720772982%
439.629662654738,3374.17479910714,4.17485657090221%
439.840216711018,3374.30482886905,4.2054362691218%
440.050758894025,3350.60690476191,4.24954463981191%
440.261289201469,3369.91632440476,4.28777009790027%
440.471807631064,3379.83109375,4.27989105731854%
440.682314180521,3370.01384672619,4.231077147016%
440.892808847551,3373.8172172619,4.19911103345092%
441.103291629865,3342.80511904762,4.26876864827798%
441.313762525176,3340.75715029762,4.26451666988632%
441.524221531195,3350.6069047619,4.30563513409947%
441.734668645633,3399.59561755952,4.32414052816887%
441.945103866203,3383.95953869048,4.31990232882871%
442.155527190615,3355.15794642857,4.33197284882531%
442.365938616582,3370.01384672619,4.3704943121698%
442.576338141815,3364.91017857143,4.41117193969909%
442.786725764025,3376.54784226191,4.44690273590746%
442.997101480925,3366.27549107143,4.47601896916593%
443.207465290225,3395.5321875,4.50149315133907%
443.417817189638,3387.3403125,4.54525391185362%
443.628157176875,3389.55081845238,4.55073743057855%
443.838485249647,3383.244375,4.58168576315451%
444.048801405666,3389.29075892857,4.5866894625526%
444.259105642644,3384.57718005952,4.59196286579808%
444.469397958293,3390.55854910714,4.53223514785542%
444.679678350323,3355.87311011905,4.45256582577045%
444.889946816447,3356.39322916667,4.50636688551483%
445.100203354376,3366.95814732143,4.55233511732305%
445.310447961822,3386.00750744048,4.58977638403627%
445.520680636496,3399.27054315476,4.57781729073903%
445.73090137611,3427.68204613095,4.55253442762897%
445.941110178376,3451.86758184524,4.51669727521456%
446.151307041005,3413.60632440476,4.51534360122794%
446.361491961708,3410.6806547619,4.48114895845499%
446.571664938198,3419.32763392857,4.4657223796034%
446.781825968186,3414.97163690476,4.42419929903182%
446.991975049383,3413.67133928571,4.40519945532405%
447.202112179501,3431.74547619048,4.39437969753218%
447.412237356252,3419.13258928571,4.3916832498456%
447.622350577348,3395.82475446429,4.34993636756236%
447.832451840499,3424.69136160714,4.33898538737249%
448.042541143418,3421.08303571429,4.3114876938152%
448.252618483815,3427.03189732143,4.25629431633923%
448.462683859404,3427.22694196429,4.25060155478776%
448.672737267895,3427.7470610119,4.22685079495285%
448.882778706999,3441.9528125,4.26966813825444%
449.092808174429,3468.67392857143,4.31179693701717%
449.302825667897,3459.08423363095,4.34973092849056%
449.512831185113,3444.84597470238,4.34083726131219%
449.722824723789,3440.13239583333,4.30425995024876%
449.932806281637,3436.10147321429,4.30681588245366%
450.142775856368,3412.0459672619,4.31027076841374%
450.352733445695,3407.20235863095,4.36732093085075%
450.562679047328,3412.37104166667,4.33987460495863%
450.77261265898,3417.66975446429,4.35305255797327%
450.982534278361,3429.33992559524,4.34621713763809%
451.192443903184,3414.48402529762,4.37678701713565%
451.40234153116,3404.11415178571,4.38909269156573%
451.61222716,3394.06935267857,4.38249851514552%
451.822100787417,3394.36191964286,4.27968655816757%
452.031962411121,3426.8043452381,4.30889492371862%
452.241812028825,3388.12049107143,4.22518348239407%
452.45164963824,3378.43327380952,4.21561273023272%
452.661475237078,3379.08342261905,4.28554875880504%
452.87128882305,3396.18233630952,4.32496668947388%
453.081090393868,3387.86043154762,4.28464917906619%
453.290879947243,3399.56311011905,4.30357954522601%
453.500657480887,3405.18689732143,4.27943166441137%
453.710422992512,3404.17916666667,4.19656332980896%
453.920176479828,3402.94388392857,4.18267540935921%
454.129917940549,3412.82614583333,4.17658830425908%
454.339647372385,3410.550625,4.13070308548305%
454.549364773049,3436.10147321429,4.18885914140944%
454.75907014025,3415.75181547619,4.10815376743205%
454.968763471702,3423.71613839286,4.20265268352869%
455.178444765116,3436.03645833333,4.19572745451885%
455.388114018203,3447.60910714286,4.1932447127948%
455.597771228675,3463.14766369048,4.18444038188097%
455.807416394244,3491.33161458333,4.14770717187368%
456.017049512621,3485.93537946429,4.16139800204106%
456.226670581517,3486.94311011905,4.20304477660517%
456.436279598645,3471.04697172619,4.23536400774728%
456.645876561716,3495.81764136905,4.29327981828765%
456.855461468442,3517.8576860119,4.29485115177504%
457.065034316534,3509.08067708333,4.29255312636464%
457.274595103703,3470.49434523809,4.29844280050679%
457.484143827662,3476.73577380952,4.37748674417275%
457.693680486122,3442.7654985119,4.41627887990857%
457.903205076794,3428.78729910714,4.38587881167387%
458.11271759739,3451.34746279762,4.37668168769885%
458.322218045623,3455.86599702381,4.36445977650434%
458.531706419202,3423.26103422619,4.38584662408722%
458.741182715841,3447.86916666667,4.44967555728409%
458.95064693325,3418.97005208333,4.47017021032723%
459.160099069141,3422.0257514881,4.5012888340662%
459.369539121226,3429.79502976191,4.4104961346029%
459.578967087216,3423.74864583333,4.41730789761109%
459.788382964823,3388.5755952381,4.45943668109703%
459.997786751759,3384.77222470238,4.51832977149432%
460.207178445735,3361.46438988095,4.48870013526126%
460.416558044462,3369.94883184524,4.50971360892236%
460.625925545653,3382.82177827381,4.51367624997431%
460.835280947018,3387.30780505952,4.46115885026419%
461.044624246271,3359.77400297619,4.46034429000443%
461.253955441121,3353.40254464286,4.50663416275759%
461.463274529281,3352.91493303571,4.44009342380172%
461.672581508462,3385.09729910714,4.37160264726652%
461.881876376376,3401.83863095238,4.31422049367436%
462.091159130735,3410.45310267857,4.29250633720049%
462.30042976925,3397.64517113095,4.35102732021384%
462.509688289632,3383.60195684524,4.39791559465177%
462.718934689594,3391.82633928571,4.43766439575879%
462.928168966846,3421.01802083333,4.44005980538739%
463.137391119102,3391.40374255952,4.37513006647162%
463.346601144071,3405.77203125,4.33454337806419%
463.555799039465,3416.49948660714,4.35099402445577%
463.764984802997,3403.56152529762,4.38697994697458%
463.974158432378,3401.09095982143,4.39399709903005%
464.18331992532,3399.69313988095,4.45320715036804%
464.392469279533,3418.22238095238,4.42446449613405%
464.60160649273,3426.1216889881,4.51393915995046%
464.810731562622,3422.61088541667,4.48349265001205%
465.019844486922,3420.85548363095,4.53101179491295%
465.228945263339,3407.9500297619,4.51566438602809%
465.438033889587,3408.69770089286,4.55782693029159%
465.647110363376,3406.35716517857,4.56065564644083%
465.856174682419,3411.39581845238,4.54987631674032%
466.065226844426,3412.27351934524,4.62999588620613%
466.27426684711,3403.98412202381,4.60934107149907%
466.483294688181,3431.64795386905,4.55930646502956%
466.692310365353,3448.32427083333,4.53529902292431%
466.901313876335,3450.07967261905,4.49564330010205%
467.110305218841,3439.15717261905,4.49241289202014%
467.319284390581,3418.15736607143,4.46704549002467%
467.528251389266,3428.2996875,4.53533970309048%
467.73720621261,3441.10761904762,4.57055761966446%
467.946148858323,3417.66975446429,4.53426629719648%
468.155079324116,3407.39740327381,4.52600756906482%
468.363997607702,3395.27212797619,4.52336707487391%
468.572903706792,3387.4703422619,4.45350821890424%
468.781797619097,3370.69650297619,4.41433700555436%
468.99067934233,3366.34050595238,4.43230905915872%
469.199548874201,3350.15180059524,4.46031249284411%
469.408406212423,3332.04515625,4.40422690102096%
469.617251354706,3357.14090029762,4.45897808446793%
469.826084298764,3382.10661458333,4.40857287625443%
470.034905042306,3382.46419642857,4.36351285051137%
470.243713583045,3400.60334821429,4.42657902752136%
470.452509918693,3385.71494047619,4.3723321728246%
470.661294046961,3396.50741071429,4.45407078223753%
470.87006596556,3384.57718005952,4.48154493995741%
471.078825672202,3379.08342261905,4.50124038287347%
471.287573164599,3393.93932291667,4.53609841775997%
471.496308440462,3397.61266369048,4.52823956842452%
471.705031497503,3402.09869047619,4.54490612946273%
471.913742333434,3402.13119791667,4.52129979645246%
472.122440945966,3398.03526041667,4.43074628810529%
472.331127332811,3423.91118303571,4.43105843066979%
472.53980149168,3437.40177083333,4.41011840688913%
472.748463420285,3458.82417410714,4.38455795411111%
472.957113116337,3491.1040625,4.41551431473235%
473.165750577549,3491.59167410714,4.49012483564956%
473.374375801631,3499.55599702381,4.37305276779497%
473.582988786296,3527.67493303571,4.393262987013%
473.791589529255,3567.33401041667,4.46152400900447%
474.000178028219,3549.55244047619,4.46462314031822%
474.2087542809,3525.49693452381,4.50546153129818%
474.41731828501,3527.86997767857,4.521768364431%
474.62587003826,3528.16254464286,4.54091493198172%
474.834409538362,3532.12845238095,4.5553571610079%
475.042936783028,3528.39009672619,4.46961290561938%
475.251451769968,3533.26621279762,4.46064923717992%
475.459954496896,3548.15462053572,4.44842538800249%
475.668444961521,3520.97840029762,4.46806524941837%
475.876923161557,3519.19049107143,4.46888246404281%
476.085389094714,3539.34510416667,4.50262920028766%
476.293842758704,3545.8465922619,4.51852265669415%
476.502284151238,3525.59445684524,4.57658352338446%
476.710713270029,3514.47691220238,4.59283472293525%
476.919130112788,3530.89316964286,4.60066106837179%
477.127534677227,3518.60535714286,4.56595934591292%
477.335926961056,3519.71061011905,4.51561561177659%
477.544306961988,3518.21526785714,4.46348605438504%
477.752674677734,3520.19822172619,4.48706407790297%
477.961030106007,3491.36412202381,4.45049041476334%
478.169373244516,3485.18770833333,4.43338052688001%
478.377704090975,3493.15203125,4.40416923048238%
478.586022643094,3515.71219494048,4.36529042153176%
478.794328898586,3525.49693452381,4.39126057870805%
479.002622855161,3536.9720610119,4.37000520530329%
479.210904510532,3564.50586309524,4.34957589653217%
479.41917386241,3565.25353422619,4.40565883344142%
479.627430908506,3561.64520833333,4.39303885744239%
479.835675646533,3566.22875744048,4.33359902672316%
480.043908074201,3583.3926860119,4.30850762595417%
480.252128189223,3577.44382440476,4.28860993563529%
480.46033598931,3570.48723214286,4.27383678606059%
480.668531472173,3583.71776041667,4.23347999554741%
480.876714635525,3587.52113095238,4.22851346151604%
481.084885477077,3592.16969494048,4.20786688156117%
481.29304399454,3574.68069196429,4.19414326406104%
481.501190185626,3576.01349702381,4.22292882029717%
481.709324048046,3578.45155505952,4.25325816434122%
481.917445579513,3580.17444940476,4.25693003503799%
482.125554777737,3580.04441964286,4.28539064933594%
482.333651640431,3591.51954613095,4.28389359770367%
482.541736165306,3589.21151785714,4.27785562447875%
482.749808350073,3573.44540922619,4.29623545057806%
482.957868192445,3579.23173363095,4.31939209996776%
483.165915690132,3561.32013392857,4.30037996545769%
483.373950840847,3538.17483630952,4.30633211226485%
483.581973642301,3515.09455357143,4.33888602542029%
483.789984092205,3493.37958333333,4.31371477743024%
483.997982188272,3482.94469494048,4.33332517878839%
484.205967928212,3489.31615327381,4.36974062777165%
484.413941309737,3478.42616071429,4.38509841709037%
484.62190233056,3512.85154017857,4.39766251095196%
484.829850988391,3521.92111607143,4.38923914696521%
485.037787280942,3520.62081845238,4.40827372075528%
485.245711205925,3556.60655505952,4.41946395769257%
485.453622761051,3583.8152827381,4.46614720438033%
485.661521944033,3592.29972470238,4.48019840916122%
485.86940875258,3619.93104910714,4.45760223990138%
486.077283184406,3630.33343005952,4.42877482514575%
486.285145237222,3622.75919642857,4.41064245340369%
486.492994908739,3621.13382440476,4.40455594002307%
486.700832196668,3630.9185639881,4.42041207622231%
486.908657098723,3632.08883184524,4.38183944319337%
487.116469612613,3667.26188244048,4.36463231348654%
487.324269736051,3652.82857886905,4.33211898886823%
487.532057466749,3685.88864583333,4.34584141411339%
487.739832802417,3672.72313244048,4.3307185409358%
487.947595740768,3680.13482886905,4.32521112903468%
488.155346279513,3706.10827380952,4.33819933823657%
488.363084416364,3697.3962797619,4.32167289287542%
488.570810149032,3695.96595238095,4.34505342985178%
488.778523475229,3700.06188988095,4.3299581185488%
488.986224392666,3688.91183779762,4.32303271959658%
489.193912899055,3679.6472172619,4.2832974282202%
489.401588992108,3650.845625,4.27752758032793%
489.609252669537,3626.85513392857,4.27717855952548%
489.816903929052,3614.37227678571,4.26620379844047%
490.024542768366,3602.53956845238,4.27928684148676%
490.23216918519,3604.00240327381,4.30906815206902%
490.439783177235,3579.49179315476,4.30664637094949%
490.647384742214,3582.18991071429,4.32586096023198%
490.854973877837,3581.47474702381,4.34283278672997%
491.062550581817,3571.39744047619,4.32655121021752%
491.270114851865,3572.63272321429,4.36167065089258%
491.477666685693,3566.0662202381,4.40538016677862%
491.685206081012,3575.00576636905,4.38590760615959%
491.892733035534,3547.95957589286,4.38677313677314%
492.10024754697,3575.23331845238,4.38235737564224%
492.307749613032,3590.44680059524,4.37617183797368%
492.515239231432,3596.42816964286,4.38319701436077%
492.722716399881,3629.39071428571,4.36383045294756%
492.930181116091,3628.4479985119,4.36589100308291%
493.137633377774,3646.7496875,4.37631009282944%
493.34507318264,3658.02976934524,4.34908484112094%
493.552500528402,3660.92293154762,4.38375518752315%
493.759915412771,3695.64087797619,4.39664930948608%
493.967317833459,3719.50133928571,4.39598133287599%
494.174707788178,3718.78617559524,4.38158936346299%
494.382085274638,3753.11403273809,4.36356869655676%
494.589450290552,3759.87558035714,4.39825894794291%
494.796802833631,3774.21136160714,4.43791467503746%
495.004142901588,3782.89084821429,4.44621269539976%
495.211470492132,3799.72970238095,4.43883130625744%
495.418785602976,3804.21572916667,4.43143462011387%
495.626088231832,3800.44486607143,4.43254997072845%
495.833378376411,3788.6121577381,4.41396930195194%
496.040656034425,3794.91860119048,4.45771113804313%
496.247921203586,3802.42781994048,4.47755658576493%
496.455173881604,3796.51146577381,4.5048729550992%
496.662414066192,3771.35070684524,4.50343513603833%
496.869641755061,3770.40799107143,4.47980506215159%
497.076856945923,3786.59669642857,4.51069264340094%
497.284059636489,3774.89401785714,4.48723601489221%
497.491249824471,3778.33980654762,4.52230776166697%
497.698427507581,3765.04426339286,4.5553502888837%
497.90559268353,3757.40501488095,4.56915908415996%
498.112745350029,3759.32295386905,4.5694799658994%
498.319885504791,3729.96873511905,4.5437042741625%
498.527013145527,3728.6684375,4.53632712668857%
498.734128269948,3721.54930803571,4.53661533247188%
498.941230875767,3707.66863095238,4.52888603552995%
499.148320960694,3742.61412946429,4.49495034647873%
499.355398522442,3752.75645089286,4.48388819504893%
499.562463558721,3742.54911458333,4.46192628103545%
499.769516067244,3741.7689360119,4.47968405799529%
499.976556045722,3749.18063244048,4.50653193249919%
500.183583491867,3758.18519345238,4.50790806226426%
500.39059840339,3747.10015625,4.51445314935267%
500.597600778004,3754.02424107143,4.49496184598295%
500.804590613418,3756.07220982143,4.49555325749741%
501.011567907346,3789.52236607143,4.50187973803343%
501.218532657498,3802.65537202381,4.52981332564533%
501.425484861587,3793.84585565476,4.53028860880237%
501.632424517324,3787.73445684524,4.54537067599344%
501.83935162242,3797.35665922619,4.51550728611239%
502.046266174587,3816.56855654762,4.54098333891151%
502.253168171537,3840.16895833333,4.55714085060387%
502.460057610981,3852.13169642857,4.59985770911678%
502.666934490631,3871.63616071428,4.6213837803657%
502.873798808198,3893.12357886905,4.63685049307112%
503.080650561395,3870.98601190476,4.65806750910172%
503.287489747932,3857.04031994048,4.635384494661%
503.494316365522,3841.24170386905,4.67722152967226%
503.701130411875,3835.1628125,4.69485450361235%
503.907931884704,3840.07143601191,4.74669502264615%
504.11472078172,3863.57431547619,4.78325113316428%
504.321497100634,3882.94875,4.76103266852328%
504.528260839159,3869.39314732143,4.75918091719796%
504.735011995006,3877.61752976191,4.77792211655743%
504.941750565886,3879.21039434524,4.80917103255265%
505.148476549511,3900.43775297619,4.78744827368354%
505.355189943593,3891.62823660714,4.8149790588815%
505.561890745843,3879.99057291667,4.84011610779643%
505.768578953973,3873.03398065476,4.87076482922145%
505.975254565694,3907.81694196429,4.89067207880448%
506.181917578718,3902.6157514881,4.91869157419979%
506.388567990757,3884.93170386905,4.95637942408774%
506.595205799522,3895.2365625,4.99114514963921%
506.801831002725,3886.52456845238,4.97754737523199%
507.008443598077,3887.5973139881,5.00016438366761%
507.215043583291,3884.05400297619,5.02314890695894%
507.421630956077,3898.90990327381,5.05009888951309%
507.628205714147,3908.30455357143,5.07420112141496%
507.834767855213,3909.57234375,5.08498917170742%
508.041317376986,3910.64508928571,5.10713937952142%
508.247854277179,3927.28889880952,5.11610712420966%
508.454378553502,3941.03954613095,5.11488386151206%
508.660890203667,3930.14955357143,5.15689363883141%
508.867389225386,3953.26234375,5.17157443100558%
509.07387561637,3964.47741071429,5.19975438099287%
509.280349374331,3983.20169642857,5.21882760220157%
509.486810496981,4005.53430803571,5.27225290549927%
509.693258982031,3994.02667410714,5.2996213885425%
509.899694827193,4013.23857142857,5.33315829942051%
510.106118030178,4019.96761160714,5.34485532652092%
510.312528588698,4013.33609375,5.35452158355339%
510.518926500465,4017.17197172619,5.41665579733099%
510.72531176319,4027.50933779762,5.42818165406369%
510.931684374585,4023.60844494048,5.43009854685151%
511.13804433236,4047.14383184524,5.45159433593858%
511.344391634229,4144.14603422619,5.4930305547863%
511.550726277903,4145.28379464286,5.54173831541192%
511.757048261092,4151.3626860119,5.59546042235311%
511.96335758151,4174.89807291667,5.6384831295556%
512.169654236866,4169.46933035714,5.6633147031642%
512.375938224874,4186.40570684524,5.66657090944355%
512.582209543244,4205.84515625,5.74299966962784%
512.788468189688,4216.6376264881,5.81511522313962%
512.994714161918,4227.39758928571,5.85708423961393%
513.200947457646,4239.55537202381,5.94211041432559%
513.407168074582,4278.72683779762,5.99808252383278%
513.613376010439,4267.8368452381,6.0324018113262%
513.819571262928,4253.85864583333,6.0911239920987%
514.02575382976,4292.93258928571,6.12651058621692%
514.231923708648,4302.61980654762,6.18943212636452%
514.438080897303,4304.57025297619,6.23543456814835%
514.644225393436,4309.60890625,6.31271477050429%
514.850357194759,4305.70801339286,6.32108552590613%
515.056476298984,4342.40891369048,6.38578957448167%
515.262582703823,4372.18572916667,6.45698738911192%
515.468676406986,4360.9381547619,6.52706789523018%
515.674757406185,4268.84457589286,6.58252060566812%
515.880825699133,4288.12148809524,6.64687079763153%
516.086881283541,4320.43388392857,6.68363126755073%
516.29292415712,4319.65370535714,6.73674981368638%
516.498954317581,4342.40891369048,6.81387747821479%
516.704971762637,4389.96729910714,6.93047717896611%
516.910976489999,4390.58494047619,6.9631784295966%
517.116968497379,4375.76154761905,7.0075876013591%
517.322947782488,4391.52765625,7.0985034079608%
517.528914343038,4436.61547619048,7.16433220452549%
517.73486817674,4423.02736607143,7.19874480950831%
517.940809281307,4475.29933035714,7.284854691221%
518.146737654449,4509.04205357143,7.35805032480882%
518.352653293878,4519.50944940476,7.41373414041927%
518.558556197306,4531.37466517857,7.48400852878464%
518.764446362445,4562.67933035714,7.56931034189415%
518.970323787005,4592.19608630952,7.67013127525748%
519.176188468699,4635.88608630952,7.77096564146365%
519.382040405239,4647.97885416667,7.82770105934494%
519.587879594335,4638.61671130952,7.8880625524875%
519.7937060337,4668.91364583333,7.96530749639459%
519.999519721045,4721.15310267857,8.06055975550909%
520.205320654081,4762.14498511905,8.15691241390604%
520.41110883052,4767.57372767857,8.23680394673245%
520.616884248075,4792.31188988095,8.3436597134783%
520.822646904455,4818.15530505952,8.43051724080695%
521.028396797374,4817.40763392857,8.47927549529794%
521.234133924543,4827.15986607143,8.55785254319308%
521.439858283672,4905.89288690476,8.64967877755779%
521.645569872474,4942.33372767857,8.71763068632322%
521.851268688661,4928.12797619048,8.79167781577138%
522.056954729944,4971.16782738095,8.91678540428111%
522.262627994034,4964.89389136905,8.98404344917928%
522.468288478643,4973.15078125,9.07360954934695%
522.673936181484,5001.1396875,9.20147588028971%
522.879571100266,5015.63800595238,9.26105608847467%
523.085193232703,5023.04970238095,9.34891215455746%
523.290802576505,5027.73077380952,9.4079904321686%
523.496399129384,5061.11591517857,9.47895196900935%
523.701982889052,5077.72721726191,9.5685578340899%
523.907553853221,5147.74824404762,9.66688700920305%
524.113112019601,5175.02198660714,9.76720291404465%
524.318657385905,5191.27570684524,9.83607865670689%
524.524189949844,5203.40098214286,9.89406044318207%
524.72970970913,5221.21505952381,9.98337612354065%
524.935216661474,5260.32151041667,10.0452885363986%
525.140710804588,5271.95917410714,10.1520494061878%
525.346192136184,5300.33816964286,10.268217093328%
525.551660653973,5358.72153273809,10.3433923977471%
525.757116355666,5353.48783482143,10.411815768774%
525.962559238976,5365.93818452381,10.4938532315311%
526.167989301614,5397.34037202381,10.5840589710047%
526.373406541291,5387.13303571429,10.6463262007665%
526.578810955719,5402.70409970238,10.7508126536114%
526.78420254261,5424.2565327381,10.834353904636%
526.989581299676,5422.8912202381,10.908473567196%
527.194947224627,5458.06427083333,11.0136779455698%
527.400300315176,5482.31482142857,11.1025896629519%
527.605640569034,5505.16755208333,11.1921935054696%
527.810967983912,5515.37488839286,11.2681361049534%
528.016282557523,5547.81731398809,11.3593352697783%
528.221584287578,5523.9243452381,11.4431021575421%
528.426873171788,5548.79253720238,11.4778115910146%
528.632149207866,5561.40542410714,11.5793564907254%
528.837412393522,5571.87281994048,11.6517614702066%
529.042662726468,5608.37867559524,11.7556514927956%
529.247900204417,5662.82863839286,11.8491901959685%
529.453124825078,5677.45698660714,11.9133945020683%
529.658336586165,5696.86392857143,11.9892993907352%
529.863535485388,5675.34400297619,12.0812224034998%
530.06872152046,5674.75886904762,12.166344352178%
530.273894689092,5704.50317708333,12.2290942777396%
530.479054988995,5710.12696428571,12.2943152822155%
530.684202417881,5748.06314732143,12.3742430708715%
530.889336973461,5761.55373511905,12.4465935270387%
531.094458653448,5771.7285639881,12.5073915485257%
531.299567455553,5814.99596726191,12.5566925352605%
531.504663377487,5832.41995535714,12.6135267701301%
531.709746416963,5861.41659226191,12.6473857709529%
531.914816571691,5907.18706845238,12.6959273045441%
532.119873839383,5909.00748511905,12.7495816738628%
532.324918217751,5906.63444196429,12.7733741998401%
532.529949704506,5926.69153273809,12.8363411463854%
532.734968297361,5954.55040922619,12.9395497004032%
532.939973994026,5980.81642113095,12.9950444601024%
533.144966792213,5989.52841517857,13.0418625716181%
533.349946689634,6018.00493303571,13.0822397060933%
533.554913684001,5976.16785714286,13.117899031254%
533.759867773024,5998.76052827381,13.1519549267155%
533.964808954416,5995.76984375,13.1898122691509%
534.169737225888,6029.31752232143,13.2183586240364%
534.374652585152,6043.84834821429,13.2365046030867%
534.57955502992,6019.85785714286,13.2760091387226%
534.784444557903,6030.7153422619,13.2954409442985%
534.989321166812,6033.25092261905,13.3095540821522%
535.194184854359,6066.47352678571,13.3216999814301%
535.399035618256,6086.20554315476,13.3761176809922%
535.603873456214,6101.93914434524,13.4095553465178%
535.808698365946,6116.7300297619,13.4416620470553%
536.013510345162,6143.12607142857,13.5046362970262%
536.218309391574,6163.60575892857,13.5443022023335%
536.423095502894,6188.66899553572,13.5764576426922%
536.627868676833,6208.98614583333,13.6193580120305%
536.832628911103,6231.54630952381,13.6330708683314%
537.037376203416,6208.75859375,13.6426546699136%
537.242110551483,6214.18733630952,13.6571361369186%
537.446831953016,6237.43015625,13.6933487201007%
537.651540405726,6252.5786235119,13.7095752300149%
537.856235907325,6286.90648065476,13.7595290832843%
538.060918455524,6308.10133184524,13.7865420970438%
538.265588048036,6339.79608630952,13.8255677708764%
538.470244682572,6359.69063988095,13.8743755473765%
538.674888356842,6394.60363095238,13.9122550747998%
538.87951906856,6418.49659970238,13.9557564676894%
539.084136815436,6451.84923363095,13.998569016497%
539.288741595183,6455.71761904762,14.0464976694388%
539.49333340551,6456.5628125,14.0686463035308%
539.697912244132,6467.22525297619,14.0608882772291%
539.902478108758,6449.1836235119,14.089344309636%
540.107030997101,6448.3709375,14.1243899594803%
540.311570906872,6451.45914434524,14.1461576291481%
540.516097835782,6466.77014880952,14.1598996377734%
540.720611781544,6461.08134672619,14.1868825032217%
540.925112741869,6467.32277529762,14.2260746365478%
541.129600714468,6491.02069940476,14.2614093391474%
541.334075697054,6518.97709821429,14.2779602461144%
541.538537687337,6541.53726190476,14.2921338246069%
541.742986683029,6572.45183779762,14.3172831196694%
541.947422681843,6587.30773809524,14.3422538295799%
542.151845681488,6584.57711309524,14.3412927211318%
542.356255679678,6607.59238095238,14.3527048926649%
542.560652674124,6614.58148065476,14.3624033431293%
542.765036662536,6629.01478422619,14.3712185622281%
542.969407642628,6621.6355952381,14.3864588883315%
543.17376561211,6633.69585565476,14.3918152187555%
543.378110568694,6658.75909226191,14.4245989221962%
543.582442510092,6690.12877232143,14.4341118624025%
543.786761434015,6704.88715029762,14.4823305183313%
543.991067338175,6721.10836309524,14.5141473499529%
544.195360220283,6741.36049851191,14.5385985930636%
544.399640078052,6754.68854910714,14.5527141460326%
544.603906909192,6754.59102678571,14.5636216010207%
544.808160711415,6763.49806547619,14.5828218751868%
545.012401482433,6814.11215029762,14.6059158319075%
545.216629219958,6824.12444196429,14.6023081484635%
545.4208439217,6828.28539434524,14.5937237800071%
545.625045585373,6843.04377232143,14.6217666168778%
545.829234208686,6837.12741815476,14.6640381471458%
546.033409789352,6814.33970238095,14.6744342336764%
546.237572325083,6803.96982886905,14.6929739192022%
546.44172181359,6821.49133928571,14.7269750481337%
546.645858252584,6837.87508928572,14.7554688066218%
546.849981639777,6838.91532738095,14.7807274586331%
547.054091972882,6875.06360119048,14.8119870678936%
547.258189249608,6922.39443452381,14.8469317458209%
547.462273467669,6947.03507440476,14.8637791249726%
547.666344624775,6940.79364583333,14.8632154258211%
547.870402718639,6956.75479910714,14.8620036036569%
548.074447746971,6985.88146577381,14.8635761230836%
548.278479707484,7005.51595982143,14.8852641803453%
548.482498597888,7015.62577380952,14.9090293810761%
548.686504415897,7045.69515625,14.9038996822554%
548.89049715922,7072.67633184524,14.9358897631256%
549.09447682557,7083.46880208333,14.9760303534243%
549.298443412659,7076.80477678572,15.0074317719511%
549.502396918197,7104.37108630952,15.023417724594%
549.706337339897,7112.04284226191,15.0470648680875%
549.910264675471,7146.11063988095,15.0812550417795%
550.114178922629,7178.06545386905,15.0779098975565%
550.318080079083,7205.69677827381,15.0912176035704%
550.521968142545,7231.41016369048,15.0942352931277%
550.725843110727,7248.76913690476,15.0951071305149%
550.92970498134,7251.66229910714,15.111863618771%
551.133553752096,7257.02602678571,15.1093881533634%
551.337389420706,7230.27240327381,15.0939387935829%
551.541211984882,7224.6811235119,15.0950478814428%
551.745021442336,7230.49995535714,15.0856342937135%
551.948817790778,7248.9966889881,15.0906111604241%
552.152601027922,7265.73802083334,15.1239869417503%
552.356371151477,7263.56002232143,15.1119374281789%
552.560128159157,7262.77984375,15.1061349033746%
552.763872048672,7273.27974702381,15.119279936648%
552.967602817734,7285.89263392857,15.1428204913952%
553.171320464056,7303.12157738095,15.1246357892661%
553.375024985347,7305.42960565476,15.1030383694759%
553.57871637932,7293.46686755952,15.0764822827739%
553.782394643687,7300.35844494048,15.0837812793946%
553.986059776159,7310.79333333333,15.0916422671776%
554.189711774447,7306.92494791667,15.0564320953179%
554.393350636264,7315.05180803572,15.0385784645458%
554.596976359321,7336.63674851191,15.0228915285701%
554.800588941329,7310.04566220238,15.025126732923%
555.00418838,7325.94180059524,15.0243785265716%
555.207774673046,7321.52078869047,14.999550435386%
555.411347818178,7341.64289434524,14.9917665592273%
555.614907813108,7358.12416666667,14.9683106077583%
555.818454655548,7363.52040178571,14.9479772232657%
556.021988343208,7365.89344494048,14.9440568961789%
556.225508873802,7354.67837797619,14.9211741296715%
556.429016245039,7346.29145833333,14.8867029685579%
556.632510454633,7359.65201636905,14.8818596258603%
556.835991500294,7364.72317708333,14.8672986967506%
557.039459379734,7371.1921577381,14.8149283417797%
557.242914090664,7355.71861607143,14.7866185185856%
557.446355630797,7336.63674851191,14.7633830373147%
557.649783997844,7321.91087797619,14.7445438468505%
557.853199189516,7342.81316220238,14.7149067888575%
558.056601203525,7337.64447916667,14.6929355233309%
558.259990037583,7329.09502232143,14.6738403092284%
558.463365689401,7306.89244047619,14.6525593301559%
558.66672815669,7290.47618303571,14.641887036545%
558.870077437164,7295.96994047619,14.6119360224897%
559.073413528532,7324.96657738095,14.5687090884304%
559.276736428507,7325.81177083333,14.5345106751936%
559.4800461348,7312.4837202381,14.5082547235517%
559.683342645123,7315.11682291667,14.4682569795479%
559.886625957187,7290.93128720238,14.442565503081%
560.089896068704,7277.115625,14.4079523374639%
560.293152977386,7283.64962053572,14.3788228438358%
560.496396680944,7298.18044642857,14.3451049179204%
560.69962717709,7284.29976934524,14.318500094981%
560.902844463536,7275.65279017857,14.2873989626798%
561.106048537992,7263.91760416667,14.2423982379359%
561.309239398171,7252.93008928571,14.2169413450486%
561.512417041784,7239.63454613095,14.1792698526234%
561.715581466543,7242.56021577381,14.1338153534358%
561.918732670159,7252.05238839286,14.0836443343848%
562.121870650344,7249.02919642857,14.0527461152343%
562.32499540481,7263.49500744048,14.0017199416223%
562.528106931268,7249.38677827381,13.9411395387048%
562.73120522743,7265.3804389881,13.8987000058686%
562.934290291007,7262.87736607143,13.8364711674218%
563.137362119711,7221.04029017857,13.7949900220793%
563.340420711253,7185.6396875,13.7528802154888%
563.543466063346,7177.70787202381,13.7063551898521%
563.746498173701,7192.53126488095,13.6493368282697%
563.949517040028,7192.56377232143,13.6001542375474%
564.152522660041,7198.51263392857,13.5711598611305%
564.355515031451,7186.41986607143,13.5235853261179%
564.558494151968,7167.56555059524,13.4869588812491%
564.761460019305,7132.16494791667,13.4437666830486%
564.964412631174,7119.45453869048,13.3969630030981%
565.167351985285,7113.73322916667,13.3218338415952%
565.370278079351,7078.49516369048,13.2688488626564%
565.573190911083,7069.71815476191,13.2174288702773%
565.776090478193,7066.20735119048,13.1458933437963%
565.978976778392,7049.36849702381,13.0934115116179%
566.181849809392,7032.00952380952,13.040167482941%
566.384709568905,7022.3548139881,12.9834634429417%
566.587556054641,6988.02695684524,12.9275028744356%
566.790389264314,6977.16947172619,12.8767398357659%
566.993209195633,6957.0798735119,12.8257771678894%
567.196015846312,6940.14349702381,12.7718743936083%
567.398809214061,6958.31515625,12.7197322161639%
567.601589296592,6974.11377232143,12.6793621883212%
567.804356091617,6939.75340773809,12.6153787994934%
568.007109596847,6900.93952380952,12.5724823147348%
568.209849809994,6894.56806547619,12.5220959067071%
568.412576728769,6876.16885416667,12.4542964000109%
568.615290350885,6848.79758928571,12.3960977993986%
568.817990674052,6844.47409970238,12.3185686077037%
569.020677695982,6833.94168898809,12.2494065543069%
569.223351414388,6831.24357142857,12.1914877677241%
569.426011826979,6795.71293898809,12.1377924238692%
569.628658931469,6831.63366071429,12.0833341981979%
569.831292725569,6817.91552083333,12.0237641087734%
570.03391320699,6812.81185267857,11.9671211553548%
570.236520373443,6795.90798363095,11.8987064330968%
570.439114222641,6776.5985639881,11.8420930402983%
570.641694752295,6749.35732886905,11.7917047519041%
570.844261960117,6721.01084077381,11.7404188108638%
571.046815843818,6725.59438988095,11.6818425611403%
571.24935640111,6699.19834821429,11.6003558101812%
571.451883629704,6689.02351934524,11.537255850071%
571.654397527312,6642.40784970238,11.4774468450967%
571.856898091646,6609.02270833333,11.4007945915456%
572.059385320417,6621.31052083333,11.3578861456846%
572.261859211337,6616.79198660714,11.288943773836%
572.464319762118,6575.99514880952,11.2100609268989%
572.66676697047,6552.39474702381,11.1422340387675%
572.869200834106,6546.93349702381,11.0886849097272%
573.071621350737,6530.58225446429,11.0337987288587%
573.274028518075,6521.87026041667,10.969960767316%
573.476422333831,6504.64131696429,10.9144071549463%
573.678802795718,6504.44627232143,10.8740047708411%
573.881169901446,6476.55488839286,10.8238854145653%
574.083523648727,6468.68808779762,10.7691129896608%
574.285864035273,6462.64170386905,10.7262251723586%
574.488191058795,6464.46212053571,10.7029878919203%
574.690504717005,6461.86152529762,10.6348163271449%
574.892805007615,6436.79828869047,10.5795073966661%
575.095091928336,6463.48689732143,10.5186736307154%
575.29736547688,6463.68194196429,10.4600394733555%
575.499625650958,6460.75627232143,10.418804476724%
575.701872448282,6454.90493303571,10.3747250972503%
575.904105866564,6460.59373511905,10.3324743012027%
576.106325903515,6450.09383184524,10.2903069919876%
576.308532556847,6407.4115625,10.2182631336868%
576.51072582427,6396.94416666667,10.1704868985193%
576.712905703498,6398.08192708333,10.1467463709617%
576.915072192242,6381.73068452381,10.1112772556094%
577.117225288213,6379.68271577381,10.0705924668431%
577.319364989122,6389.49996279762,10.0350458063497%
577.521491292682,6395.96894345238,10.0034895205951%
577.723604196603,6387.80957589286,9.94987592074683%
577.925703698598,6381.3405952381,9.89002017427981%
578.127789796379,6359.98320684524,9.83459305725217%
578.329862487656,6354.52195684524,9.80129604887552%
578.531921770141,6329.81630208333,9.75246068781616%
578.733967641546,6345.67993303571,9.69493556617758%
578.936000099583,6317.26843005952,9.66946612086441%
579.138019141963,6343.27438244048,9.6283438939839%
579.340024766397,6318.27616071429,9.61068350535191%
579.542016970598,6299.6819047619,9.58129684094852%
579.743995752277,6289.05197172619,9.56682933474756%
579.945961109145,6296.6912202381,9.53584668288998%
580.147913038915,6272.21311755952,9.49679226064302%
580.349851539297,6261.323125,9.46479512385267%
580.551776608003,6275.00875744048,9.45349194249078%
580.753688242746,6259.17763392857,9.42773098913693%
580.955586441235,6237.49517113095,9.3755617798345%
581.157471201184,6259.79527529762,9.33294341108614%
581.359342520303,6249.91301339286,9.30934433498487%
581.561200396305,6217.30805059524,9.27343480047778%
581.763044826901,6194.5528422619,9.24911137440758%
581.964875809802,6190.29436755952,9.2239706419198%
582.16669334272,6194.78039434524,9.21328102426957%
582.368497423367,6203.88247767857,9.1989316022326%
582.570288049454,6208.36850446429,9.15788304505691%
582.772065218693,6188.76651785714,9.14563058551912%
582.973828928795,6157.0067485119,9.12989734019959%
583.175579177473,6185.84084821429,9.10781342330493%
583.377315962437,6144.75144345238,9.08406127779847%
583.5790392814,6137.14470238095,9.0531404364038%
583.780749132072,6122.97145833333,9.03020136140753%
583.982445512165,6121.34608630952,9.00269572459218%
584.184128419392,6102.75183035714,8.97748762543833%
584.385797851463,6103.82457589286,8.9473753923997%
584.587453806091,6118.94053571429,8.93228320269688%
584.789096280986,6100.24875744048,8.91783945397439%
584.990725273861,6127.94509672619,8.89680955907432%
585.192340782427,6125.40951636905,8.88856673249954%
585.393942804395,6113.67433035714,8.87542096403231%
585.595531337478,6128.23766369048,8.84508247801963%
585.797106379386,6141.46819196429,8.8233280725889%
585.998667927832,6142.89851934524,8.78443923413436%
586.200215980527,6134.51159970238,8.76031759832394%
586.401750535182,6125.63706845238,8.73776799310591%
586.60327158951,6138.21744791667,8.71310098148732%
586.804779141221,6129.24539434524,8.69457100387812%
587.006273188028,6151.51299107143,8.67179955679516%
587.207753727642,6136.98216517857,8.66309077088061%
587.409220757774,6102.84935267857,8.65632739140605%
587.610674276137,6111.33379464286,8.65280943979931%
587.812114280441,6100.11872767857,8.63568624145689%
588.013540768399,6098.78592261905,8.6199736013771%
588.214953737721,6084.93775297619,8.58897178312897%
588.416353186121,6069.65925595238,8.56569901568393%
588.617739111308,6085.42536458333,8.56165045905948%
588.819111510995,6071.28462797619,8.54100511949002%
589.020470382894,6067.96886904762,8.503959569503%
589.221815724715,6056.68878720238,8.48329591147897%
589.423147534171,6059.45191964286,8.47235087854324%
589.624465808973,6064.75063244048,8.45816896755875%
589.825770546834,6068.45648065476,8.44820558004011%
590.027061745463,6058.21663690476,8.4398321087077%
590.228339402573,6049.40712053572,8.44303181514158%
590.429603515876,6061.95499255952,8.42915745718158%
590.630854083083,6037.80196428571,8.41296264661305%
590.832091101905,6024.66895833333,8.40073080612854%
591.033314570055,6019.50027529762,8.38857938213834%
591.234524485244,6004.74189732143,8.37640517061154%
591.435720845183,6003.70165922619,8.34629754007002%
591.636903647585,5994.95715773809,8.3251466381577%
591.83807289016,5993.10423363095,8.30321100420991%
592.039228570621,5996.71255952381,8.29199908883089%
592.240370686678,5995.83485863095,8.27834573326189%
592.441499236044,6012.31613095238,8.29056320022711%
592.64261421643,6013.35636904762,8.27844605524886%
592.843715625548,6010.13813244048,8.2674908178805%
593.044803461109,6012.15359375,8.26195405363332%
593.245877720825,6016.05448660714,8.26331721346419%
593.446938402407,6017.64735119048,8.26547125870424%
593.647985503568,6021.84081101191,8.25889535013257%
593.849019022018,6017.41979910714,8.25481383819802%
594.05003895547,6007.96013392857,8.24496854450739%
594.251045301634,6002.59640625,8.2425646418574%
594.452038058223,6019.50027529762,8.23592636183962%
594.653017222948,6042.45052827381,8.23757050738691%
594.85398279352,6057.63150297619,8.23350295193077%
595.054934767652,6047.68422619048,8.22775006970044%
595.255873143055,6044.53100446428,8.22409977907224%
595.45679791744,6029.80513392857,8.20898817271335%
595.657709088519,6044.98610863095,8.19865527829739%
595.858606654004,6035.07133928572,8.18731440045342%
596.059490611606,6048.43189732143,8.16880507196819%
596.260360959037,6032.17817708333,8.15537535782317%
596.461217694009,6039.49235119048,8.1505074440967%
596.662060814232,6024.40889880952,8.14720109662708%
596.862890317419,6028.01722470238,8.14894500069757%
597.063706201281,6018.06994791667,8.14927399466064%
597.264508463531,6012.25111607143,8.14237786783857%
597.465297101878,6008.57777529762,8.12864585886455%
597.666072114036,5978.05328869048,8.10473728217633%
597.866833497715,5988.260625,8.10325908763033%
598.067581250628,5998.50046875,8.10041505003732%
598.268315370485,5989.72345982143,8.09704519877516%
598.469035854999,5992.87668154762,8.08246973787338%
598.66974270188,5981.92167410714,8.07111126581012%
598.870435908842,5949.73930803571,8.04817407925643%
599.071115473594,5958.90640625,8.03066782632571%
599.271781393849,5957.54109375,8.02985471043205%
599.472433667319,5972.59203869048,8.03433504701933%
599.673072291715,6001.81622767857,8.03362667524354%
599.873697264748,5997.75279761905,8.03358570529202%
600.07430858413,6033.93357886905,8.03663067641894%
600.274906247574,6031.950625,8.03298801613976%
600.475490252789,6044.69354166667,8.02672269385721%
600.676060597489,6039.39482886905,8.01073934681611%
600.876617279384,6045.63625744048,7.98533751605539%
601.077160296186,6031.30047619048,7.98398847418008%
601.277689645608,6021.38570684524,7.97582463314767%
601.478205325359,6032.24319196429,7.96114821661834%
601.678707333153,6038.51712797619,7.9646351736929%
601.8791956667,6056.62377232143,7.96174142480211%
602.079670323712,6036.1765922619,7.9399755176812%
602.280131301901,6026.68441964286,7.92494802316926%
602.480578598978,6017.38729166667,7.89233206162663%
602.681012212655,5994.53456101191,7.89063507531586%
602.881432140644,5985.30244791667,7.88956402000481%
603.081838380656,6001.32861607143,7.88928503833897%
603.282230930403,6004.80691220238,7.89110079739514%
603.482609787596,5995.76984375,7.87235547043724%
603.682974949946,5978.50839285714,7.84968997365967%
603.883326415167,5952.2098735119,7.83910828144654%
604.083664180968,5936.57379464286,7.8265996326609%
604.283988245063,5931.86021577381,7.8052471479015%
604.484298605161,5917.42691220238,7.78990194440038%
604.684595258976,5929.61720238095,7.7748278085027%
604.884878204218,5931.37260416667,7.7626715755%
605.085147438599,5928.67448660714,7.75287801806864%
605.285402959831,5959.97915178572,7.74413365490974%
605.485644765625,5967.55338541667,7.71058129157878%
605.685872853693,5963.16488095238,7.69869563748184%
605.886087221747,5941.74247767857,7.66615459932137%
606.086287867497,5945.22077380952,7.65449349321224%
606.286474788657,5934.42830357143,7.64652624515485%
606.486647982936,5920.22255208333,7.62888230275497%
606.686807448048,5927.08162202381,7.62311721890423%
606.886953181703,5945.57835565476,7.59458831609566%
607.087085181613,5972.13693452381,7.58049583635702%
607.287203445489,5943.10779017857,7.55623916862048%
607.487307971045,5951.72226190476,7.52752746036113%
607.687398755989,6002.66142113095,7.50385004030184%
607.887475798036,5986.37519345238,7.48037527447828%
608.087539094895,5982.11671875,7.46193356330629%
608.287588644279,5996.74506696429,7.4465309508359%
608.4876244439,5970.77162202381,7.43831348980861%
608.687646491468,5963.71750744048,7.42461645134477%
608.887654784695,5936.31373511905,7.40550883965723%
609.087649321294,5899.77537202381,7.38745896180673%
609.287630098975,5910.79539434524,7.36004551487451%
609.487597115451,5898.67011904762,7.32559534521025%
609.687550368432,5884.43186011905,7.30095367041956%
609.887489855631,5890.31570684524,7.28793160276066%
610.087415574759,5911.86813988095,7.27545243881949%
610.287327523527,5913.78607886905,7.26537356703992%
610.487225699648,5914.98885416667,7.23272033929988%
610.687110100833,5909.75515625,7.21686025903996%
610.886980724793,5882.54642857143,7.19567891047241%
611.08683756924,5885.17953125,7.17051758763993%
611.286680631885,5856.99558035714,7.13667805733339%
611.486509910441,5899.09271577381,7.119093489114%
611.686325402619,5855.0126264881,7.09103131736944%
611.886127106129,5811.38764136905,7.06882790870193%
612.085915018686,5840.96941220238,7.05073670342184%
612.285689137998,5873.08676339286,7.03532088775998%
612.485449461779,5843.17991815476,6.99543292983169%
612.68519598774,5843.79755952381,6.96745005021407%
612.884928713592,5849.48636160714,6.94271052937745%
613.084647637046,5842.10717261905,6.92640300076256%
613.284352755816,5875.13473214286,6.90520036418616%
613.484044067612,5847.7634672619,6.88434222734094%
613.683721570145,5830.59953869048,6.87828990392802%
613.883385261128,5832.38744791667,6.87759627697785%
614.083035138272,5808.62450892857,6.84123313812369%
614.282671199288,5792.11072916667,6.82209637079718%
614.482293441889,5760.93609375,6.79220308949992%
614.681901863785,5749.52598214286,6.77556331083864%
614.881496462689,5740.81398809524,6.75905146649459%
615.081077236311,5740.26136160714,6.73388256639844%
615.280644182365,5731.581875,6.70830129252419%
615.48019729856,5732.42706845238,6.6866683675472%
615.679736582609,5672.64588541667,6.66769060085602%
615.879262032223,5685.16125,6.6628000065352%
616.078773645115,5655.28691220238,6.64374893414593%
616.278271418995,5623.65717261905,6.62357404525867%
616.477755351575,5597.94378720238,6.59310657330256%
616.677225440567,5592.54755208333,6.5925750344759%
616.876681683682,5585.23337797619,6.57535316965492%
617.076124078632,5590.62961309524,6.56002303931897%
617.275552623128,5603.43754464286,6.54245737590931%
617.474967314883,5566.73664434524,6.52086941672969%
617.674368151607,5573.95329613095,6.51309446974266%
617.873755131013,5563.29085565476,6.48353345744551%
618.073128250811,5566.31404761905,6.46106325469318%
618.272487508714,5579.77212797619,6.44932447257178%
618.471832902434,5580.48729166667,6.42542555616579%
618.67116442968,5591.60483630952,6.41101737519988%
618.870482088167,5608.99631696429,6.41056914851803%
619.069785875604,5599.89423363095,6.39337487541428%
619.269075789703,5599.76420386905,6.38404628794271%
619.468351828177,5607.04587053571,6.37722302294663%
619.667613988736,5585.68848214286,6.36932558985666%
619.866862269093,5605.87560267857,6.35946454970737%
620.066096666958,5586.53367559524,6.33728757712232%
620.265317180044,5595.40820684524,6.33661635434936%
620.464523806062,5598.46390625,6.33211693597327%
620.663716542724,5608.02109375,6.32319467295661%
620.86289538774,5609.5164360119,6.3103953147877%
621.062060338824,5607.07837797619,6.30788912442106%
621.261211393686,5586.17609375,6.30490985308344%
621.460348550039,5566.15151041667,6.2963178379112%
621.659471805593,5569.17470238095,6.30901668441605%
621.85858115806,5557.24447172619,6.27877229600906%
622.057676605152,5549.37767113095,6.27728967307999%
622.25675814458,5535.65953125,6.27271130477101%
622.455825774057,5525.38718005952,6.26804166840982%
622.654879491293,5514.52969494048,6.27980800566488%
622.853919294,5519.99094494048,6.28148848897888%
623.052945179891,5506.59787946429,6.26289177739729%
623.251957146675,5513.68450148809,6.25704536269507%
623.450955192066,5515.89500744048,6.25657333698084%
623.649939313774,5503.21710565476,6.25852761464081%
623.848909509512,5500.38895833333,6.24916868452639%
624.04786577699,5489.72651785714,6.24719720168616%
624.246808113921,5514.20462053571,6.25389282151704%
624.445736518015,5531.40105654762,6.24130285006453%
624.644650986986,5512.28668154762,6.23219672335718%
624.843551518543,5509.49104166667,6.23577238371722%
625.0424381104,5545.57430059524,6.23440181250539%
625.241310760266,5549.28014880952,6.21935887871667%
625.440169465855,5565.01375,6.20376076454191%
625.639014224877,5572.45795386905,6.19734869967591%
625.837845035045,5576.39135416667,6.17253316886862%
626.036661894069,5565.8264360119,6.17861795267957%
626.235464799662,5565.95646577381,6.17077504098805%
626.434253749534,5583.05537946429,6.16891398545434%
626.633028741398,5592.77510416667,6.15591912233703%
626.831789772966,5589.91444940476,6.13170524530885%
627.030536841948,5605.35548363095,6.11067858217546%
627.229269946056,5589.62188244048,6.11847347836228%
627.427989083003,5608.34616815476,6.11329528338144%
627.626694250499,5609.32139136905,6.11505811779494%
627.825385446256,5588.67916666667,6.10111432207497%
628.024062667986,5594.75805803572,6.10607617405578%
628.2227259134,5590.49958333333,6.10599114965476%
628.42137518021,5582.60027529762,6.09337765131138%
628.620010466128,5549.15011904762,6.10391962481413%
628.818631768865,5593.16519345238,6.10692112435926%
629.017239086133,5560.13763392857,6.09450111012539%
629.215832415643,5554.15626488095,6.08963987970612%
629.414411755106,5543.65636160714,6.09465330236741%
629.612977102236,5535.39947172619,6.09732997608875%
629.811528454742,5525.67974702381,6.09655266447715%
630.010065810338,5548.79253720238,6.10607057108218%
630.208589166733,5566.31404761905,6.11575434292724%
630.407098521641,5609.15885416667,6.12373322610494%
630.605593872772,5586.07857142857,6.11914747450124%
630.804075217838,5564.59115327381,6.12756152486394%
631.00254255455,5573.0755952381,6.13209674445984%
631.200995880621,5537.05735119048,6.13316754425722%
631.399435193763,5548.82504464286,6.13152007768385%
631.597860491685,5543.52633184524,6.13212692861649%
631.796271772101,5532.47380208333,6.12396355212648%
631.994669032721,5543.49382440476,6.12802723076255%
632.193052271257,5556.72435267857,6.12085095354585%
632.391421485422,5553.18104166667,6.11107819554218%
632.589776672926,5545.63931547619,6.12060864964743%
632.788117831481,5563.29085565476,6.11283014697757%
632.986444958798,5538.52018601191,6.10880022235067%
633.18475805259,5560.59273809524,6.11938236072124%
633.383057110568,5537.74000744048,6.12057823357523%
633.581342130443,5564.8837202381,6.10241238159649%
633.779613109928,5542.61612351191,6.10752019544822%
633.977870046733,5570.86508928571,6.1003503012212%
634.17611293857,5555.09898065476,6.09811062660252%
634.374341783151,5552.40086309524,6.0876378569713%
634.572556578188,5536.63475446429,6.07355442176871%
634.770757321391,5548.53247767857,6.07572471378437%
634.968944010473,5533.54654761905,6.06526805426761%
635.167116643146,5538.2601264881,6.0637122118479%
635.36527521712,5534.00165178571,6.06630013139944%
635.563419730108,5540.21057291667,6.05295114751575%
635.76155017982,5525.67974702381,6.03359255306701%
635.95966656397,5547.62226934524,6.02104245452926%
636.157768880267,5551.23059523809,6.01589192300424%
636.355857126425,5546.80958333333,6.01621162548732%
636.553931300154,5548.10988095238,6.00295566270986%
636.751991399166,5541.86845238095,5.98934316238446%
636.950037421172,5540.69818452381,5.97326895210629%
637.148069363885,5543.16875,5.97345271215455%
637.346087225015,5529.58063988095,5.9457046333933%
637.544091002275,5515.21235119048,5.93053873500801%
637.742080693376,5485.59807291667,5.92723289007106%
637.940056296029,5482.47735863095,5.90919495421624%
638.138017807947,5459.00698660714,5.89624464952171%
638.33596522684,5442.20063988095,5.87864233809142%
638.533898550421,5425.6218452381,5.86608950529806%
638.731817776401,5402.60657738095,5.8516665314047%
638.929722902491,5404.10191964286,5.83054948485795%
639.127613926404,5400.85117559524,5.81500456643084%
639.32549084585,5369.87158482143,5.79771513237416%
639.523353658542,5393.69953869048,5.79274803627073%
639.721202362191,5386.97049851191,5.76520014149451%
639.919036954508,5375.69041666667,5.75762180273898%
640.116857433205,5370.84680803571,5.73769533943233%
640.314663795995,5358.88406994048,5.72268756269237%
640.512456040587,5361.90726190476,5.69016146997655%
640.710234164694,5358.7215327381,5.68239610649051%
640.907998166028,5347.44145089286,5.67041606663294%
641.105748042301,5347.50646577381,5.66002944114727%
641.303483791222,5314.54392113095,5.6321816732448%
641.501205410505,5324.32866071429,5.62022057365943%
641.698912897862,5348.96930059524,5.59600491922306%
641.896606251002,5363.98773809524,5.58799809177802%
642.094285467639,5362.36236607143,5.57541711209604%
642.291950545484,5390.77386904762,5.57312495295066%
642.489601482248,5398.08804315476,5.55111721964023%
642.687238275643,5409.56316964286,5.54173163993168%
642.88486092338,5399.19329613095,5.52950662077092%
643.082469423171,5392.984375,5.52419011330282%
643.280063772728,5426.59706845238,5.51511664910343%
643.477643969763,5449.87239583333,5.5115562642228%
643.675210011986,5418.73026785714,5.47955705797548%
643.87276189711,5411.9687202381,5.46727963444718%
644.070299622846,5421.91599702381,5.44900510107456%
644.267823186906,5404.91460565476,5.4433679863881%
644.465332587,5385.67020089286,5.42752565617254%
644.662827820842,5364.3128125,5.43710070712577%
644.860308886143,5359.50171130952,5.41654669094744%
645.057775780613,5369.12391369048,5.39800138633946%
645.255228501965,5347.34392857143,5.3850916907037%
645.45266704791,5339.34709821429,5.37100935779363%
645.650091416161,5336.55145833333,5.36775489641669%
645.847501604427,5306.22201636905,5.36376147566627%
646.044897610422,5291.39862351191,5.34807743737442%
646.242279431856,5314.77147321429,5.34625006161581%
646.439647066442,5282.06898809524,5.32848845940865%
646.637000511891,5279.40337797619,5.32406087898307%
646.834339765914,5292.66641369048,5.30797897430886%
647.031664826223,5322.37821428571,5.29702159339024%
647.228975690529,5323.58098958333,5.28712362568475%
647.426272356545,5297.02241071429,5.27264266677947%
647.623554821982,5289.57820684524,5.25262619778834%
647.820823084551,5285.48226934524,5.25479308594809%
648.018077141964,5271.6015922619,5.24600036255596%
648.215316991933,5249.85411458333,5.24082516001289%
648.412542632169,5239.48424107143,5.23474293714195%
648.609754060384,5241.33716517857,5.22159568528075%
648.80695127429,5241.53220982143,5.21115938672756%
649.004134271597,5230.28463541667,5.20897916454317%
649.201303050018,5209.15479910714,5.20792958965599%
649.398457607264,5227.61902529762,5.19856264184959%
649.595597941047,5240.39444940476,5.1853115608953%
649.792724049079,5233.30782738095,5.16916222709944%
649.98983592907,5241.23964285714,5.16035125909144%
650.186933578733,5260.6790922619,5.14593192135674%
650.384016995779,5264.54747767857,5.13656472545604%
650.58108617792,5256.42061755952,5.12007516155151%
650.778141122868,5249.39901041667,5.10991499642158%
650.975181828333,5210.32506696429,5.10322909245298%
651.172208292028,5180.61326636905,5.08751904040192%
651.369220511664,5166.63506696429,5.07047219845631%
651.566218484953,5173.23407738095,5.07171439103633%
651.763202209607,5153.5020610119,5.06564987040882%
651.960171683336,5141.86439732143,5.05945295952437%
652.157126903853,5161.20632440476,5.06848761381237%
652.354067868869,5168.87808035714,5.06991740741786%
652.550994576095,5174.98947916667,5.06723222332175%
652.747907023245,5193.68125744048,5.07024059421928%
652.944805208028,5210.5851264881,5.05320242193198%
653.141689128157,5232.17006696429,5.05891872101352%
653.338558781342,5246.01823660714,5.05200786586628%
653.535414165297,5222.90544642857,5.04329529574913%
653.732255277732,5209.05727678571,5.04198996621182%
653.929082116359,5192.96609375,5.02904929175712%
654.125894678889,5199.76014880952,5.02337176690558%
654.322692963035,5174.89195684524,5.01763567231773%
654.519476966507,5139.23129464286,4.99875463972638%
654.716246687017,5118.29650297619,4.99711647831964%
654.913002122278,5127.95121279762,4.99919146245083%
655.10974327,5146.05785714286,4.99469029504349%
655.306470127895,5140.33654761905,4.98500553425892%
655.503182693675,5137.50840029762,4.97653208798059%
655.699880965051,5138.41860863095,4.96423694106484%
655.896564939735,5150.34883928571,4.96239495495659%
656.093234615439,5179.34547619048,4.94601279214357%
656.289889989874,5171.73873511905,4.93468223935359%
656.486531060751,5183.44141369048,4.92333394170396%
656.683157825783,5182.43368303571,4.90776271196707%
656.87977028268,5169.82079613095,4.90234296644547%
657.076368429156,5134.1276264881,4.90585003674865%
657.27295226292,5110.20215029762,4.88513770687055%
657.469521781685,5100.12484375,4.87969410782457%
657.666076983162,5101.29511160714,4.87788647101883%
657.862617865063,5122.7825297619,4.87390118423827%
658.059144425099,5103.08302083333,4.87816119397572%
658.255656660983,5080.65288690476,4.87365534729195%
658.452154570425,5069.60035714286,4.87070626185098%
658.648638151138,5091.57538690476,4.86483506608156%
658.845107400832,5114.39561011905,4.85197864966368%
659.04156231722,5103.34308035714,4.83856489049448%
659.238002898013,5082.47330357143,4.8181140817921%
659.434429140922,5074.93157738095,4.82039285598473%
659.63084104366,5076.29688988095,4.82134550123612%
659.827238603938,5049.80332589286,4.81904203732985%
660.023621819467,5037.67805059524,4.80620248373263%
660.219990687959,5025.06516369048,4.80428385993127%
660.416345207126,5020.70916666667,4.78567090676622%
660.612685374679,4989.53453125,4.77496458963467%
660.80901118833,4972.24057291667,4.77596472532092%
661.00532264579,4981.96029761905,4.76821590558643%
661.201619744771,4996.88121279762,4.75695391968703%
661.397902482985,5042.00154017857,4.75433768134562%
661.594170858143,5036.15020089286,4.74104465172019%
661.790424867957,5027.34068452381,4.73519804768162%
661.986664510139,5007.05604166667,4.72068280205826%
662.182889782399,5029.6812202381,4.71677086593078%
662.37910068245,5042.35912202381,4.7069218468259%
662.575297208003,5051.20114583333,4.69655753282978%
662.77147935677,5025.26020833333,4.68100355198508%
662.967647126463,5003.77279017857,4.67526414736655%
663.163800514792,4991.28993303571,4.67098562013181%
663.35993951947,5014.40272321429,4.68331980191198%
663.556064138208,5025.03265625,4.68258192104351%
663.752174368718,5024.70758184524,4.67451565007065%
663.948270208712,5024.18746279762,4.66295839686571%
664.1443516559,5030.81898065476,4.65400002245417%
664.340418707995,5002.14741815476,4.64455196172478%
664.536471362708,5004.97556547619,4.6520116655584%
664.732509617751,5033.02948660714,4.65881065353726%
664.928533470835,5051.13613095238,4.64919752532951%
665.124542919672,5054.09430803571,4.64258328299681%
665.320537961974,5059.26299107143,4.63317292076565%
665.516518595452,5012.90738095238,4.62530519505239%
665.712484817818,5013.49251488095,4.63268350147739%
665.908436626782,5030.98151785714,4.62808474964367%
666.104374020059,5027.99083333333,4.6292041972605%
666.300296995357,5038.62076636905,4.61890475750247%
666.49620555039,5035.46754464286,4.61509805090302%
666.692099682868,5025.29271577381,4.62089585121198%
666.887979390504,5036.0851860119,4.61939292188714%
667.083844671008,5052.24138392857,4.62046818660485%
667.279695522094,5054.48439732143,4.61121264980264%
667.475531941471,5077.20709821429,4.60615542019606%
667.671353926852,5077.88975446429,4.59565645170047%
667.867161475948,5073.30620535714,4.58504315360961%
668.062954586471,5092.03049107143,4.58469955093022%
668.258733256133,5088.5196875,4.58809481933996%
668.454497482645,5111.56746279762,4.58566572443876%
668.650247263719,5082.53831845238,4.57535725514156%
668.845982597066,5068.82017857143,4.56363768457605%
669.041703480397,5055.10203869048,4.55898345618078%
669.237409911426,5029.45366815476,4.55883715843753%
669.433101887862,5020.1240327381,4.54295541812826%
669.628779407418,5039.04336309524,4.54542760886892%
669.824442467806,5039.59598958333,4.52686898593635%
670.020091066736,5038.78330357143,4.52190453633733%
670.215725201921,5047.26774553571,4.52941537719355%
670.411344871071,5041.28637648809,4.52455417244879%
670.6069500719,5045.28479166667,4.52449207603868%
670.802540802118,5055.84970982143,4.51617817700703%
670.998117059436,5051.68875744048,4.51864356398306%
671.193678841567,5064.39916666667,4.51888472594793%
671.389226146223,5061.70104910714,4.52369487640025%
671.584758971114,5020.05901785714,4.51863691220938%
671.780277313952,5023.66734375,4.51484210339881%
671.975781172449,5030.65644345238,4.51982653168128%
672.171270544316,5014.95534970238,4.53216082960838%
672.366745427266,5028.9985639881,4.54196460509866%
672.562205819009,5022.04197172619,4.54479101849913%
672.757651717257,5023.66734375,4.54531049045368%
672.953083119722,5025.55277529762,4.54177431914641%
673.148500024116,5014.76030505952,4.54297056245811%
673.343902428149,5023.92740327381,4.54378855611179%
673.539290329535,5028.73850446429,4.55138023833591%
673.734663725983,5010.11174107143,4.5520941206929%
673.930022615206,4997.1737797619,4.55688662386657%
674.125366994916,4992.36267857143,4.55123827641743%
674.320696862824,4989.07942708333,4.54649969476966%
674.516012216641,4999.41679315476,4.54911775931417%
674.71131305408,4993.59796130952,4.54932939721312%
674.906599372851,5009.42908482143,4.55346192277156%
675.101871170667,5009.52660714286,4.56381993765089%
675.297128445239,5004.19538690476,4.57014936521431%
675.492371194278,5027.63325148809,4.57799187920853%
675.687599415497,5039.88855654762,4.57220438567039%
675.882813106606,5030.42889136905,4.58930909144098%
676.078012265318,5010.14424851191,4.58350027636993%
676.273196889344,5022.78964285714,4.57161190739988%
676.468366976395,4996.45861607143,4.56015821762525%
676.663522524184,5014.76030505952,4.55512104106199%
676.858663530421,5026.85307291667,4.55852458920633%
677.053789992819,5012.71233630952,4.56499204298249%
677.248901909089,5023.76486607143,4.57251790887649%
677.443999276942,5041.96903273809,4.57167783071064%
677.63908209409,5041.48142113095,4.57985557398699%
677.834150358245,5066.34961309524,4.57921071716211%
678.029204067119,5094.04595238095,4.58217627330025%
678.224243218422,5088.03207589286,4.59254078235084%
678.419267809867,5099.11711309524,4.60074920992011%
678.614277839165,5105.35854166667,4.6132537511785%
678.809273304028,5101.58767857143,4.62365372032939%
679.004254202168,5077.95476934524,4.63542436875926%
679.199220531295,5060.33573660714,4.63130030280935%
679.394172289121,5057.70263392857,4.63781664831868%
679.589109473359,5034.06972470238,4.63509419096836%
679.78403208172,5024.51253720238,4.64413618469957%
679.978940111915,5021.55436011905,4.64515462131409%
680.173833561656,5026.2679389881,4.6624978815424%
680.368712428654,5024.35,4.67770388285271%
680.563576710622,5051.26616071429,4.6881995848282%
680.75842640527,5035.82512648809,4.7019640922694%
680.95326151031,5063.48895833333,4.70386868236487%
681.148082023455,5090.63267113095,4.71193851746254%
681.342887942415,5109.32444940476,4.71686743489069%
681.537679264902,5104.31830357143,4.72342682432222%
681.732455988627,5104.12325892857,4.73535703734031%
681.927218111303,5080.84793154762,4.7491763039647%
682.121965630641,5080.52285714286,4.76278586474698%
682.316698544353,5097.45923363095,4.77392891086999%
682.511416850149,5098.076875,4.76855620446528%
682.706120545742,5076.03683035714,4.77873925584496%
682.900809628844,5076.52444196429,4.7853842381624%
683.095484097165,5128.56885416667,4.78942741231151%
683.290143948418,5148.56093005952,4.80820861067571%
683.484789180314,5144.17242559524,4.81287099048035%
683.679419790564,5167.90285714286,4.82885200549248%
683.874035776881,5166.66757440476,4.83883802490856%
684.068637136976,5182.69374255952,4.84700095839135%
684.26322386856,5189.74785714286,4.84490460787093%
684.457795969345,5204.14865327381,4.85230724721539%
684.652353437043,5198.00474702381,4.86699628457012%
684.846896269365,5202.68581845238,4.86697358120694%
685.041424464023,5195.98928571429,4.88855284957165%
685.235938018728,5191.56827380952,4.89467274284537%
685.430436931193,5200.3452827381,4.91480390458037%
685.624921199128,5198.58988095238,4.92574230612297%
685.819390820245,5230.41466517857,4.93153670560675%
686.013845792256,5242.57244791667,4.94009892027303%
686.208286112873,5236.94866071429,4.94054575485947%
686.402711779806,5225.83111607143,4.95322391872002%
686.597122790768,5234.90069196429,4.98076227243044%
686.791519143471,5237.85886904762,5.0037496785218%
686.985900835625,5256.3230952381,5.02513504050855%
687.180267864943,5227.29395089286,5.05085143829927%
687.374620229135,5257.07076636905,5.07064166327533%
687.568957925914,5278.78573660714,5.10466690806633%
687.763280952992,5278.298125,5.12112877499969%
687.957589308079,5301.21587053572,5.1560574092212%
688.151882988888,5296.89238095238,5.18015266517288%
688.346161993129,5344.19070684524,5.22040570724866%
688.540426318516,5357.68129464286,5.24566070183025%
688.734675962758,5358.98159226191,5.27360668383786%
688.928910923568,5386.22282738095,5.31935518615589%
689.123131198658,5415.80459821428,5.356610599454%
689.317336785738,5446.62165178571,5.40327664517945%
689.511527682521,5448.01947172619,5.44459188538668%
689.705703886719,5489.01135416667,5.49667848192782%
689.899865396042,5480.75446428571,5.54802216942876%
690.094012208202,5513.91205357143,5.61472524920325%
690.288144320911,5555.97668154762,5.69236016859883%
690.482261731881,5591.47480654762,5.75179987832414%
690.676364438824,5624.63239583333,5.80684552773283%
690.870452439449,5683.30832589286,5.8621900027221%
691.064525731471,5710.80962053572,5.92938780712395%
691.258584312599,5749.07087797619,5.98775441855672%
691.452628180545,5774.55671130952,6.06998270688747%
691.646657333022,5810.28238839286,6.12911695415682%
691.840671767741,5851.66436011905,6.21087697829113%
692.034671482413,5870.0310639881,6.29556030543965%
692.228656474749,5936.18370535714,6.39550732549495%
692.422626742463,5972.29947172619,6.49915086075904%
692.616582283264,6025.18907738095,6.62245308147993%
692.810523094865,6099.24102678571,6.73587395357652%
693.004449174978,6153.85352678572,6.84501124723467%
693.198360521313,6211.29417410714,6.97334561516468%
693.392257131583,6248.77525297619,7.11290790645546%
693.586139003499,6301.59984375,7.23625132267566%
693.780006134773,6346.88270833333,7.36509893555243%
693.973858523116,6412.80779761905,7.51503371456645%
694.16769616624,6481.33348214286,7.64680668053495%
694.361519061856,6561.72438244048,7.79135439259562%
694.555327207677,6637.30418154762,7.95507871740138%
694.749120601413,6699.39339285714,8.1368111714108%
694.942899240777,6754.29845982143,8.29688888125904%
695.136663123479,6838.55774553572,8.46656617839674%
695.330412247232,6908.18868303572,8.6541200450602%
695.524146609747,7017.12111607143,8.83756731545122%
695.717866208735,7090.03530505952,9.02228360430502%
695.91157104191,7173.83948660714,9.23234681033613%
696.10526110698,7277.96081845238,9.4235380113819%
696.29893640166,7361.99255208333,9.63645045750643%
696.492596923659,7451.81061011905,9.84149859004011%
696.68624267069,7544.48932291667,10.0444203155977%
696.879873640464,7616.78587053571,10.2562633026452%
697.073489830693,7698.4445610119,10.4772075688073%
697.267091239089,7777.01504464286,10.6926791085217%
697.460677863362,7901.74609375,10.9147326819236%
697.654249701225,8019.32550595238,11.1493845078751%
697.84780675039,8126.53504464286,11.4011010679413%
698.041349008567,8240.92872767857,11.6431568001721%
698.234876473469,8343.00209077381,11.8921642550581%
698.428389142807,8436.68853422619,12.1373490261312%
698.621887014292,8547.96150297619,12.3851816370929%
698.815370085636,8654.42337053571,12.630957513276%
699.008838354552,8790.27196428572,12.892973290832%
699.20229181875,8900.37466517857,13.1463092273082%
699.395730475942,9025.43078869048,13.4043818513505%
699.589154323839,9145.57828869047,13.6755265131534%
699.782563360154,9294.94997767857,13.9668364600871%
699.975957582597,9442.72880208333,14.2359690416611%
700.169336988881,9571.19820684524,14.5146733016507%
700.362701576717,9692.87355654762,14.7922634560296%
700.556051343816,9807.29974702381,15.0705041280251%
700.749386287891,9937.16697172619,15.3518575142513%
700.942706406653,10084.6857366071,15.6448647492691%
701.136011697812,10221.7696130952,15.926948762275%
701.329302159082,10360.5763839286,16.2250047872901%
701.522577788174,10487.4204166667,16.5209782686653%
701.715838582798,10631.8509747024,16.8091844189513%
701.909084540668,10778.8821279762,17.097200252971%
702.102315659493,10921.4272544643,17.3942461657112%
702.295531936987,11063.6473065476,17.6952570323067%
702.48873337086,11205.4772693452,17.995796409744%
702.681919958825,11349.8753199405,18.2997933186656%
702.875091698592,11485.00875,18.5972996603076%
703.068248587873,11619.7195833333,18.9167127717212%
703.261390624381,11766.1656026786,19.2296146425376%
703.454517805826,11929.9705952381,19.5321964201922%
703.64763012992,12043.6166071429,19.8310492339695%
703.840727594375,12184.9264508929,20.1253892446344%
704.033810196902,12303.3835639881,20.4186944688883%
704.226877935214,12451.6825074405,20.725005405359%
704.41993080702,12633.5941443452,21.0217497211804%
704.612968810034,12759.9505654762,21.3348490257336%
704.805991941967,12958.7660714286,21.6363499780003%
704.99900020053,13115.191875,21.9248519829136%
705.191993583434,13264.2384895833,22.2357987632312%
705.384972088393,13408.669047619,22.526155974967%
705.577935713116,13540.3891964286,22.8252593372873%
705.770884455316,13685.3398735119,23.1318947178552%
705.963818312705,13827.3323735119,23.4351013984763%
706.156737282993,13972.4130803571,23.743641796002%
706.349641363893,14110.3746577381,24.0491616017315%
706.542530553116,14235.4632886905,24.3492485064984%
706.735404848374,14373.2948363095,24.6500858283419%
706.928264247378,14525.1045833333,24.9617415901319%
707.12110874784,14637.0277008929,25.2474396619638%
707.313938347471,14767.9676711309,25.5505594958126%
707.506753043984,14884.636875,25.8651257045969%
707.699552835089,15031.9605952381,26.1775512266226%
707.892337718498,15144.7614136905,26.4735167412361%
708.085107691924,15292.4752232143,26.7771424967643%
708.277862753076,15436.6132142857,27.0723074982368%
708.470602899668,15551.9171056548,27.373369958406%
708.663328129411,15687.6356696429,27.6614425724734%
708.856038440015,15749.9199255952,27.957132626046%
709.048733829194,15866.914203869,28.273632215304%
709.241414294658,15995.6111607143,28.5895723891687%
709.434079834119,16130.8746205357,28.8915559045645%
709.626730445289,16265.0978422619,29.1865221154088%
709.819366125879,16399.8736904762,29.4948769682566%
710.011986873601,16514.6249553571,29.777358289831%
710.204592686166,16618.0636309524,30.0587489175467%
710.397183561287,16755.2125223214,30.3542057573628%
710.589759496673,16902.6012574405,30.6452192744681%
710.782320490039,17031.2006919643,30.9493123902167%
710.974866539094,17183.9531547619,31.243138321369%
711.16739764155,17327.5060119048,31.5457295171296%
711.35991379512,17456.5930580357,31.847405600118%
711.552414997514,17582.4293601191,32.1445003423718%
711.744901246444,17779.8795535714,32.4503487720602%
711.937372539622,17902.1400372024,32.7727240292947%
712.12982887476,18027.1311458333,33.075073412707%
712.322270249568,18136.063578869,33.3673487049158%
712.514696661759,18252.3101860119,33.6745833889536%
712.707108109045,18401.4868303571,33.9868233309649%
712.899504589136,18532.5893377976,34.2779060854941%
713.091886099744,18676.2722247024,34.5755620296855%
713.284252638582,18806.7245833333,34.8745274407761%
713.47660420336,18910.195766369,35.1764920257536%
713.66894079179,19050.270327381,35.472721464184%
713.861262401584,19162.8110863095,35.744478667142%
714.053569030454,19304.1534375,36.075338078652%
714.24586067611,19436.9463318452,36.3695565344741%
714.438137336265,19534.4361458333,36.6733333526291%
714.630399008631,19653.4458854167,36.9736799250169%
714.822645690917,19797.8764434524,37.2673397192984%
715.014877380838,19910.7747842262,37.5790276671996%
715.207094076103,20062.7795758929,37.8938621510544%
715.399295774425,20195.637485119,38.1955542535943%
715.591482473515,20326.2523809524,38.5017233365071%
715.783654171084,20373.7457514881,38.7729623425924%
715.975810864845,20557.0227008929,39.076598794195%
716.167952552509,20682.9565252976,39.3753838425342%
716.360079231788,20856.3187053571,39.7129884694533%
716.552190900393,20979.7819642857,40.0065916611131%
716.744287556035,21083.4481919643,40.297003320286%
716.936369196427,21232.2997619048,40.6129962168795%
717.128435819279,21347.0185193452,40.9246704769436%
717.320487422305,21487.0605729167,41.2231213267993%
717.512524003214,21644.4290922619,41.5462921250345%
717.704545559719,21766.0069196429,41.8524886324958%
717.896552089531,21891.4531324405,42.1829700653184%
718.088543590363,22006.6595014881,42.473771445251%
718.280520059924,22158.7943229167,42.7676467933056%
718.472481495928,22317.398125,43.0665350703082%
718.664427896086,22455.6197619048,43.3623159680423%
718.856359258109,22555.4176041667,43.6704804223885%
719.048275579709,22666.2029613095,43.9368810121784%
719.240176858597,22777.4759300595,44.2140134524242%
719.432063092485,22904.7100520833,44.4969344752285%
719.623934279085,23036.8202901786,44.794353196688%
719.815790416109,23183.0712648809,45.116670035294%
720.007631501267,23269.4760416667,45.4174571253737%
720.199457532271,23405.9422767857,45.7036074572609%
720.391268506834,23475.3781696429,45.986563807306%
720.583064422667,23602.2547098214,46.257580109617%
720.77484527748,23767.8151041667,46.5344529755391%
720.966611068987,23874.7320758929,46.8037418180648%
721.158361794898,23967.0857142857,47.0679012345679%
721.350097452925,24099.2609672619,47.3498305645579%
721.54181804078,24203.3172842262,47.6207148622735%
721.733523556174,24300.8721130952,47.9148286343212%
721.925213996819,24425.7656994048,48.1875951346744%
722.116889360426,24541.1671130952,48.4665380132658%
722.308549644707,24649.351875,48.7719753991474%
722.500194847374,24784.1602306548,49.0522094072207%
722.691824966138,24891.4022767857,49.3312998936776%
722.883439998712,25022.8948735119,49.5943574266223%
723.075039942805,25144.0175967262,49.8526401754364%
723.266624796131,25243.1327827381,50.14036946448%
723.4581945564,25333.5684821429,50.4058429025102%
723.649749221324,25429.2378794643,50.6491166394792%
723.841288788615,25552.50609375,50.9221869119645%
724.032813255985,25653.7667708333,51.1761255791472%
724.224322621144,25758.8633258929,51.4542435957548%
724.415816881806,25891.2661309524,51.7046263213979%
724.60729603568,25979.3287872024,51.9823239217342%
724.798760080479,26056.8590327381,52.244878977102%
724.990209013915,26145.799389881,52.5012534511442%
725.181642833698,26294.8785119048,52.7723194143219%
725.373061537542,26385.9318526786,53.0220992229616%
725.564465123156,26479.5857886905,53.2607948231282%
725.755853588253,26569.2088020833,53.481766192726%
725.947226930545,26664.9432142857,53.7117542027922%
726.138585147742,26738.1499702381,53.9280680768411%
726.329928237558,26807.5208482143,54.1347315674754%
726.521256197702,26861.1906324405,54.3739608740364%
726.712569025887,26957.2176116071,54.5987382030885%
726.903866719824,27039.4289285714,54.8369817625526%
727.095149277226,27114.2610565476,55.0812488859842%
727.286416695803,27216.0093452381,55.3069363423209%
727.477668973267,27321.0733928571,55.5378496715947%
727.66890610733,27393.3699404762,55.773218195575%
727.860128095703,27440.050625,55.9865914637776%
728.051334936098,27519.6938541667,56.2387390910235%
728.242526626227,27601.1249925595,56.460368597283%
728.433703163801,27654.3721800595,56.6725229649488%
728.624864546532,27761.2566443452,56.9002153250214%
728.816010772131,27824.1910491071,57.1449498716709%
729.007141838309,27924.8665922619,57.3650259084784%
729.19825774278,27978.7964360119,57.5594388648052%
729.389358483254,28028.3052678571,57.7664924460308%
729.580444057442,28121.4065773809,57.9919277466669%
729.771514463056,28239.2785565476,58.2511609080381%
729.962569697809,28332.7049404762,58.5123211560079%
730.153609759411,28432.1777083333,58.7245298658862%
730.344634645574,28519.8177678571,58.9598789410649%
730.53564435401,28611.3262127976,59.153869576822%
730.72663888243,28662.4604166667,59.3647918074153%
730.917618228546,28728.6780729167,59.5767202937405%
731.10858239007,28814.4001934524,59.7999766539016%
731.299531364712,28870.6380654762,59.9975873365326%
731.490465150186,28947.5506696429,60.1928915015481%
731.681383744201,29025.5685267857,60.3779778051602%
731.872287144471,29109.6002604167,60.5701995192326%
732.063175348706,29193.176889881,60.7398598672411%
732.254048354618,29248.1144642857,60.9092695313091%
732.444906159919,29321.2236979167,61.0832461081431%
732.63574876232,29375.1210342262,61.2748356655375%
732.826576159533,29453.821547619,61.4458497299434%
733.017388349269,29495.1710119048,61.6140709994125%
733.208185329241,29550.4661681548,61.8251486135849%
733.398967097159,29628.6465625,62.0158571730236%
733.589733650735,29693.49890625,62.1784590967895%
733.780484987682,29716.4491592262,62.315615936684%
733.971221105709,29764.5276636905,62.439443906675%
734.16194200253,29816.0844642857,62.6170166603862%
734.352647675855,29886.625610119,62.7881381234995%
734.543338123397,29921.7986607143,62.9444945125829%
734.734013342867,30001.6044270833,63.1228911471473%
734.924673331976,30069.5449776786,63.2731818136725%
735.115318088435,30113.1049479167,63.4451396311699%
735.305947609958,30175.1291443452,63.6035640837326%
735.496561894255,30200.4199330357,63.7562741017323%
735.687160939038,30251.1315401786,63.9310283021108%
735.877744742018,30294.4314508929,64.0801341855876%
736.068313300907,30332.6276934524,64.1937912465347%
736.258866613416,30362.2094642857,64.345791811042%
736.449404677258,30418.0572470238,64.4980556574764%
736.639927490144,30462.8850074405,64.6366551284947%
736.830435049785,30491.0364508929,64.7474049294231%
737.020927353893,30531.8332886905,64.9304631124394%
737.21140440018,30591.9070386905,65.0660459156565%
737.401866186357,30646.0969419643,65.2124024584363%
737.592312710136,30675.3536383929,65.3579099970636%
737.782743969228,30724.0172767857,65.4666566931453%
737.973159961345,30761.8559375,65.6187350867564%
738.163560684199,30796.7039136905,65.7472809728298%
738.3539461355,30835.2577380952,65.847093063212%
738.544316312962,30885.41671875,65.9920417230056%
738.734671214295,30930.8946279762,66.1065194094154%
738.925010837211,30953.7798660714,66.2480591623004%
739.115335179422,30980.8910714286,66.3344203660846%
739.305644238638,31013.0409300595,66.478700961892%
739.495938012573,31059.3315252976,66.6176196122133%
739.686216498937,31107.0524479167,66.731160075843%
739.876479695442,31107.5075520833,66.841952296991%
740.066727599799,31151.3600892857,66.9705093417854%
740.25696020972,31199.0810119048,67.0932216354147%
740.447177522918,31238.0899404762,67.2449893676779%
740.637379537102,31277.2939136905,67.3531188507161%
740.827566249986,31327.6804464286,67.4908775302605%
741.01773765928,31359.6677678571,67.5822089422164%
741.207893762696,31389.5095982143,67.6816767949671%
741.398034557946,31395.9460714286,67.7878729550642%
741.588160042741,31408.4614360119,67.8857415480177%
741.778270214794,31457.7427157738,68.0174815930897%
741.968365071814,31463.8866220238,68.0765549194095%
742.158444611515,31505.8537276786,68.176475136663%
742.348508831608,31494.6386607143,68.2722465610352%
742.538557729804,31488.267202381,68.3345743632422%
742.728591303814,31475.0691815476,68.4157552696281%
742.918609551352,31476.5645238095,68.4696945347073%
743.108612470127,31521.7498660714,68.5895429727362%
743.298600057852,31523.2452083333,68.6478997071915%
743.488572312238,31542.13203125,68.7154115737999%
743.678529230998,31537.5159747024,68.7871998943128%
743.868470811841,31573.9893229167,68.8525196442707%
744.058397052481,31592.0634598214,68.9704228147952%
744.248307950629,31593.6888318452,69.0142254718773%
744.438203503996,31587.6099404762,69.0497319938945%
744.628083710293,31588.3576116071,69.1172395608421%
744.817948567234,31598.5649479167,69.200357954285%
745.007798072528,31603.1159895833,69.2534472829905%
745.197632223888,31616.5090550595,69.3205450833294%
745.387451019025,31597.7522619048,69.3410304681773%
745.577254455651,31603.2785267857,69.4267142290924%
745.767042531478,31591.4458184524,69.4872171321776%
745.956815244216,31609.5524627976,69.6257557878801%
746.146572591578,31599.5076636905,69.6597968485273%
746.336314571276,31628.0166889881,69.7193276214154%
746.52604118102,31662.7021279762,69.7925169120018%
746.715752418523,31667.3506919643,69.8546660619389%
746.905448281496,31695.7621949405,69.941578768967%
747.09512876765,31666.8630803571,69.9847726396194%
747.284793874698,31682.1740848214,70.0429587864143%
747.47444360035,31691.4712127976,70.1387839312918%
747.664077942319,31693.2591220238,70.2092450645484%
747.853696898316,31674.6973735119,70.2605653254764%
748.043300466053,31655.3554464286,70.3067441400162%
748.23288864324,31644.7580208333,70.3820167424468%
748.422461427591,31660.8817113095,70.4615762297949%
748.612018816816,31650.8369122024,70.5064304229124%
748.801560808627,31637.1837872024,70.5463593045884%
748.991087400736,31642.8075744048,70.6130537723448%
749.180598590854,31621.1901264881,70.6717600630396%
749.370094376692,31649.0815104167,70.7567557553502%
749.559574755963,31660.4916220238,70.7787754259929%
749.749039726378,31660.6866666667,70.8097094830811%
749.938489285649,31662.1169940476,70.8558804527464%
750.127923431487,31656.9808184524,70.9372107411649%
750.317342161604,31640.2719940476,71.0127642645872%
750.50674547371,31618.1994419643,71.0960454172393%
750.69613336552,31604.4162872024,71.1508842828636%
750.885505834742,31601.7831845238,71.2113961851588%
751.07486287909,31631.5925074405,71.2660046917613%
751.264204496274,31586.2771354167,71.3044276590368%
751.453530684007,31556.6953645833,71.293503654799%
751.64284144,31552.4043824405,71.3236688244317%
751.832136761964,31553.8997247024,71.3788009336098%
752.021416647612,31541.3193452381,71.4351276708827%
752.210681094654,31533.875141369,71.4905944061081%
752.399930100803,31510.6323214286,71.518796034272%
752.589163663769,31526.8210267857,71.5769395543841%
752.778381781266,31519.669389881,71.5942019500271%
752.967584451003,31501.3677008929,71.6393990366111%
753.156771670693,31480.5629389881,71.6622423581305%
753.345943438047,31471.3958407738,71.714969222206%
753.535099750777,31456.734985119,71.7390072040676%
753.724240606595,31433.5571800595,71.8094285521578%
753.913366003212,31402.3175297619,71.8064393462377%
754.10247593834,31399.456875,71.8370689008955%
754.29157040969,31374.6536979167,71.8823559502289%
754.480649414974,31353.9789657738,71.9004210237699%
754.669712951903,31341.2685565476,71.9452023994822%
754.85876101819,31296.4082886905,71.9647301582309%
755.047793611545,31278.6592261905,72.0291381792534%
755.23681072968,31311.8493229167,72.0823090728743%
755.425812370308,31315.5226636905,72.1316824186553%
755.614798531139,31324.3646875,72.1861817238938%
755.803769209885,31337.5627083333,72.2084858404379%
755.992724404257,31314.6774702381,72.2195025700713%
756.181664111968,31308.66359375,72.2650139958683%
756.370588330729,31307.1357440476,72.3015796912327%
756.559497058252,31269.6221577381,72.3201160646536%
756.748390292247,31261.5603125,72.3224283496731%
756.937268030427,31244.7539657738,72.3447724711681%
757.126130270504,31236.9846875,72.359220774657%
757.314977010188,31208.1180803571,72.3808742295457%
757.503808247192,31204.7698139881,72.4144608775986%
757.692623979226,31157.11390625,72.4035675555899%
757.881424204004,31141.0552306548,72.4197292508399%
758.070208919236,31108.8728645833,72.4416351815351%
758.258978122633,31119.0476934524,72.4305902820091%
758.447731811908,31105.9471949405,72.4168995224004%
758.636469984772,31107.8001190476,72.4245907654193%
758.825192638937,31095.1872321429,72.4414612668646%
759.013899772114,31061.8671056548,72.4509901415644%
759.202591382015,31002.1834449405,72.4465009260915%
759.391267466351,30988.9529166667,72.4634745226935%
759.579928022834,30978.8431026786,72.4663453618481%
759.768573049176,30937.4286235119,72.4844597544015%
759.957202543088,30937.7211904762,72.5018679876421%
760.145816502282,30914.7709375,72.4593471850274%
760.334414924469,30875.1118601191,72.4754870588116%
760.522997807362,30859.8333630952,72.4683112295557%
760.711565148671,30826.1231473214,72.5719699544558%
760.900116946108,30829.0488169643,72.578693214171%
761.088653197385,30818.1588244048,72.6225808262141%
761.277173900213,30798.0042113095,72.6124298324148%
761.465679052305,30748.88546875,72.6495711937591%
761.654168651371,30757.5649553572,72.6873666050692%
761.842642695123,30728.1457217262,72.7010795720606%
762.031101181273,30707.92609375,72.7197073843417%
762.219544107532,30697.0686086309,72.7269073454724%
762.407971471613,30684.1631547619,72.7674801978207%
762.596383271226,30664.5286607143,72.7787583638857%
762.784779504083,30652.3058630952,72.7984738714794%
762.973160167896,30645.9994196429,72.776884383322%
763.161525260376,30640.9932738095,72.806632072411%
763.349874779235,30610.7938616071,72.8266958559871%
763.538208722185,30558.0017782738,72.8574292161665%
763.726527086937,30538.1072247024,72.8637570464853%
763.914829871203,30486.9080059524,72.880651552749%
764.103117072694,30475.1728199405,72.9361421476673%
764.291388689122,30458.8540848214,72.9394227445559%
764.479644718198,30416.5944122024,72.9696237540824%
764.667885157635,30392.9615029762,72.9407372696303%
764.856110005144,30355.8705133929,72.9644589656611%
765.044319258436,30313.5783333333,72.9757523696528%
765.232512915222,30293.8463169643,73.0000617513196%
765.420690973216,30278.9254017857,73.0087428162859%
765.608853430127,30260.7537425595,73.0305812877644%
765.797000283668,30256.7878348214,73.025088698521%
765.985131531551,30218.5915922619,73.067534794293%
766.173247171486,30182.9959449405,73.1118594336344%
766.361347201186,30136.3477678571,73.1273859772489%
766.549431618362,30098.7691666667,73.1578600692935%
766.737500420726,30071.3003794643,73.1694557450501%
766.925553605989,30027.7729166667,73.178937099559%
767.113591171863,29997.345952381,73.172204745514%
767.301613116059,29953.3633854167,73.1711687853107%
767.48961943629,29921.0509895833,73.1518465627916%
767.677610130266,29896.7354241072,73.1718710188829%
767.8655851957,29892.1193675595,73.175321455138%
768.053544630302,29847.6166815476,73.17938285548%
768.241488431785,29810.6232142857,73.1858286786505%
768.42941659786,29804.024203869,73.210051524607%
768.617329126239,29771.9718675595,73.211370055931%
768.805226014633,29759.651547619,73.2153542271388%
768.993107260754,29754.1902976191,73.2025665313527%
769.180972862313,29712.5157589286,73.2441363948001%
769.368822817023,29699.6103050595,73.2494427228236%
769.556657122594,29696.8146651786,73.2521239100546%
769.744475776738,29662.779375,73.3082841680663%
769.932278777167,29665.8025669643,73.2730633597444%
770.120066121593,29626.0784747024,73.2938806006382%
770.307837807727,29616.2612276786,73.2667921662354%
770.49559383328,29572.2461532738,73.253263208913%
770.683334195965,29544.5498139881,73.264463853444%
770.871058893492,29507.4263169643,73.2685784878576%
771.058767923574,29508.0114508929,73.307124054441%
771.246461283922,29490.3274032738,73.3087482221635%
771.434138972248,29461.2657514881,73.2999114343827%
771.621800986262,29419.006078869,73.302300109529%
771.809447323678,29377.8841666667,73.2890964453733%
771.997077982206,29357.5020014881,73.3106984403371%
772.184692959558,29338.582671131,73.3367283375241%
772.372292253446,29314.1370758929,73.3496060941823%
772.559875861581,29308.415766369,73.3908086834627%
772.747443781675,29255.3311160714,73.3914793754608%
772.934996011439,29233.8111904762,73.4252164439903%
773.122532548585,29213.526547619,73.4075681883014%
773.310053390825,29181.9618229167,73.4107993511748%
773.49755853587,29112.2658705357,73.417592731779%
773.685047981431,29071.3064955357,73.4065363410913%
773.872521725221,29021.5050967262,73.4258335822782%
774.059979764952,29006.8767485119,73.4221102292688%
774.247422098333,29010.3550446429,73.4520143794798%
774.434848723079,28994.4263988095,73.4879074067076%
774.622259636898,28977.0024107143,73.4626664366482%
774.809654837504,28950.833921131,73.4689504132155%
774.997034322608,28910.8497693452,73.4603371909876%
775.184398089922,28896.4489732143,73.482450300774%
775.371746137157,28852.8564955357,73.5147584960721%
775.559078462024,28821.5193229167,73.5161136322685%
775.746395062236,28776.5940401786,73.5076788326055%
775.933695935504,28766.9718377976,73.512765011009%
776.12098107954,28730.4334747024,73.4719863781208%
776.308250492054,28674.0005580357,73.428437936273%
776.49550417076,28619.745639881,73.4128462467123%
776.682742113367,28586.2629761905,73.4279175174037%
776.869964317589,28560.3870535714,73.3855143774036%
777.057170781136,28536.9816964286,73.3620595962208%
777.24436150172,28500.3458110119,73.3529811238636%
777.431536477054,28476.8429315476,73.3360930571357%
777.618695704847,28450.0893080357,73.3706144229648%
777.805839182812,28427.236577381,73.3739569402324%
777.992966908661,28376.655,73.3458904626152%
778.180078880105,28326.1709449405,73.3518295703871%
778.367175094856,28294.3136532738,73.3303162974734%
778.554255550625,28258.1003645833,73.3276431295994%
778.741320245124,28230.501547619,73.3379823558226%
778.928369176064,28196.0436607143,73.3567973763796%
779.115402341158,28165.4216517857,73.3669716924656%
779.302419738116,28147.1524702381,73.349285846076%
779.489421364651,28132.8491964286,73.3730780402558%
779.676407218473,28109.8339285714,73.361081313023%
779.863377297295,28059.9025,73.3586655601723%
780.050331598828,28047.5821800595,73.4357674184984%
780.237270120784,28020.7960491071,73.4791266201473%
780.424192860874,28006.720327381,73.4611515145121%
780.61109981681,27989.5238913691,73.4422389170247%
780.797990986303,27935.3990029762,73.4484181052263%
780.984866367065,27914.9843303571,73.4928368775891%
781.171725956809,27867.2634077381,73.4972864691886%
781.358569753244,27871.3268377976,73.5295879310378%
781.545397754083,27846.3611235119,73.4936161041757%
781.732209957038,27805.4667633929,73.5175386116646%
781.91900635982,27773.8370238095,73.5480160454362%
782.10578696014,27733.0401860119,73.5387588993463%
782.292551755711,27689.8052901786,73.5491468658772%
782.479300744244,27639.9063690476,73.5684655789885%
782.66603392345,27590.91765625,73.5581092061151%
782.852751291041,27541.2787946429,73.5238292371442%
783.039452844728,27502.3023735119,73.5352946527166%
783.226138582224,27469.8924553571,73.5638299435908%
783.41280850124,27432.3138541667,73.5661121914558%
783.599462599487,27418.0430877976,73.6281199417804%
783.786100874678,27375.6208779762,73.5951369121006%
783.972723324522,27324.0315699405,73.5550935550935%
784.159329946733,27314.9619940476,73.5717014226476%
784.345920739022,27269.0939955357,73.5737672486275%
784.532495699101,27221.9907142857,73.5921920452598%
784.71905482468,27177.6505654762,73.630608913899%
784.905598113472,27124.4358854167,73.6172650536624%
785.092125563188,27111.0428199405,73.6638085973089%
785.27863717154,27066.4426116071,73.6435661524692%
785.465132936239,27024.6380431548,73.6664326242481%
785.651612854998,27014.1706473214,73.5928270548082%
785.838076925527,26957.9002678571,73.6172014425286%
786.024525145538,26929.2612127976,73.6395389871834%
786.210957512743,26902.052485119,73.6413722885433%
786.397374024853,26868.4722991071,73.637928103806%
786.58377467958,26853.1287872024,73.6711023704552%
786.770159474636,26861.6457366071,73.692781752354%
786.956528407732,26825.5624776786,73.6866587790351%
787.14288147658,26792.274858631,73.6864970182067%
787.329218678891,26758.5646428571,73.6590396743545%
787.515540012378,26710.4536309524,73.6448774758096%
787.70184547475,26652.7204166667,73.6306943501542%
787.888135063721,26617.1247693452,73.655015623646%
788.074408777002,26545.8034449405,73.6173326760503%
788.260666612304,26511.7681547619,73.641301292071%
788.446908567339,26472.1415848214,73.6378363589974%
788.633134639818,26421.5600074405,73.6395638555726%
788.819344827454,26387.0696130952,73.6458503665812%
789.005539127957,26347.1829836309,73.6185019684918%
789.19171753904,26274.5613616071,73.6154377516177%
789.377880058414,26234.1546130952,73.6303549419606%
789.56402668379,26175.3811607143,73.6972938987964%
789.75015741288,26145.3442857143,73.6962881744345%
789.936272243396,26092.422172619,73.7017952543277%
790.12237117305,26062.3527901786,73.7084575192739%
790.308454199552,26014.9569419643,73.7288029207771%
790.494521320615,25971.7870610119,73.7301580648271%
790.68057253395,25896.0447247024,73.739013797432%
790.866607837268,25826.9013988095,73.722944724379%
791.052627228282,25805.4464880952,73.743383944512%
791.238630704703,25743.4547991071,73.8034628862594%
791.424618264243,25699.9923511905,73.8038593708697%
791.610589904612,25692.5481473214,73.8354945334351%
791.796545623523,25658.3178125,73.8322012794915%
791.982485418688,25626.23296875,73.8931775106519%
792.168409287817,25567.6545610119,73.8853774559615%
792.354317228623,25532.0589136905,73.9019909880694%
792.540209238817,25513.3021205357,73.8833904530071%
792.72608531611,25463.1431398809,73.8319055138975%
792.911945458215,25420.7859449405,73.8189311242421%
793.097789662843,25397.5106175595,73.8230860786534%
793.283617927705,25367.9938616071,73.7894162551623%
793.469430250513,25357.8190327381,73.7902122807225%
793.655226628979,25342.6705654762,73.7676235864904%
793.841007060814,25351.7076339286,73.7611595758959%
794.02677154373,25321.150639881,73.7798992663165%
794.212520075439,25312.2436011905,73.7735321628624%
794.398252653652,25305.2545014881,73.74556605569%
794.58396927608,25301.9062351191,73.7633892644888%
794.769669940435,25301.1585639881,73.7784182014235%
794.955354644429,25277.0380431548,73.7719777972035%
795.141023385774,25305.1894866071,73.7345268305592%
795.326676162181,25303.8241741071,73.7320204632191%
795.512312971361,25328.3997991071,73.7325514129834%
795.697933811027,25328.8223958333,73.7191020655587%
795.88353867889,25333.1458854167,73.6698409901396%
796.06912757266,25341.0451934524,73.6449079991836%
796.254700490051,25346.3113988095,73.6190353532101%
796.440257428774,25365.3282514881,73.6223610293179%
796.625798386539,25392.3094270833,73.6577435088454%
796.81132336106,25427.7750446429,73.6830250121473%
796.996832350047,25462.2329315476,73.7051848342553%
797.182325351212,25508.5560342262,73.7147060051582%
797.367802362267,25508.198452381,73.6855174657813%
797.553263380922,25538.2678348214,73.6854153006224%
797.738708404891,25525.947514881,73.6977763523627%
797.924137431884,25557.9998511905,73.6914594668466%
798.109550459613,25559.1051041667,73.6991567116235%
798.294947485789,25566.2892485119,73.7239853721574%
798.480328508125,25593.46546875,73.7273038383179%
798.665693524332,25626.5905505952,73.7421021666283%
798.85104253212,25632.9620089286,73.720591492189%
799.036375529203,25638.9108705357,73.7314986936497%
799.221692513292,25660.6908556548,73.7200334362085%
799.406993482097,25654.90453125,73.7407781777754%
799.592278433332,25678.5049330357,73.7263388600178%
799.777547364706,25684.8438839286,73.723912069906%
799.962800273933,25741.0492485119,73.733742033371%
800.148037158723,25770.5985119048,73.7526652903948%
800.333258016788,25778.3027752976,73.7593769102094%
800.518462845841,25789.1277529762,73.7715676934477%
800.703651643591,25778.3027752976,73.7553640803406%
800.888824407752,25789.1602604167,73.768207418403%
801.073981136033,25780.0581770833,73.8039855869267%
801.259121826149,25786.8847395833,73.8682653464593%
801.444246475808,25801.4805803571,73.8616185314253%
801.629355082724,25810.1600669643,73.8767216314323%
801.814447644609,25808.2746354167,73.8463601981727%
801.999524159172,25848.8764285714,73.8553853105054%
802.184584624127,25876.4102306548,73.8645441028893%
802.369629037184,25858.1735565476,73.8371608396773%
802.554657396056,25873.35453125,73.8357962663236%
802.739669698454,25881.0913020833,73.8410742635943%
802.924665942089,25897.4100372024,73.8421283909455%
803.109646124673,25909.7953720238,73.83828981587%
803.294610243918,25950.8522693452,73.8646198673207%
803.479558297535,25941.62015625,73.8676946169641%
803.664490283237,25964.5053943452,73.8924337377833%
803.849406198733,25930.3075669643,73.9376797415938%
804.034306041737,25929.2023139881,73.9325482656413%
804.21918980996,25945.2934970238,73.951690475162%
804.404057501112,25948.44671875,73.9680219239717%
804.588909112907,25962.8150074405,74.0044292074837%
804.773744643055,25983.6197693452,73.9989337693781%
804.958564089268,26004.5220535714,73.9807138162883%
805.143367449258,26019.44296875,73.9558849070804%
805.328154720736,26022.5961904762,73.9622391255376%
805.512925901414,26033.1286011905,73.9345040741485%
805.697680989003,26051.7228571429,73.9518518284555%
805.882419981216,26034.6564508929,73.9414774527461%
806.067142875763,26036.2493154762,73.9604056275881%
806.251849670356,26030.7555580357,73.9601960621277%
806.436540362708,26013.2990625,73.9571173079211%
806.621214950528,26029.3252306548,73.9857146166173%
806.80587343153,26034.6889583333,74.0040156287344%
806.990515803424,26044.70125,74.0193843065682%
807.175142063923,25996.1351339286,74.0178461363399%
807.359752210737,26001.5313690476,74.0484531233853%
807.544346241579,26011.4461383929,74.0649310368837%
807.72892415416,26050.0649776786,74.0429665663241%
807.913485946191,26047.8869791667,74.0601813076344%
808.098031615385,26027.7973809524,74.0435932966837%
808.282561159453,26016.6473288691,74.0617372061792%
808.467074576106,26015.5745833333,74.0422792371585%
808.651571863056,25985.8952901786,74.0310949094675%
808.836053018014,25946.2037053571,74.0490002018513%
809.020518038693,25934.7610863095,74.0333519491619%
809.204966922804,25930.9252083333,74.050694520861%
809.389399668058,25915.0290699405,74.0680546782168%
809.573816272167,25903.39140625,74.0804709545587%
809.758216732842,25896.2397693452,74.11148546019%
809.942601047796,25872.4118154762,74.0816032661635%
810.12696921474,25854.8903050595,74.0876720396678%
810.311321231384,25867.0480877976,74.1238269466803%
810.495657095443,25867.4056696429,74.099761010222%
810.679976804625,25839.904375,74.0631561088372%
810.864280356644,25809.2498586309,74.0917630908645%
811.04856774921,25809.802485119,74.0914748076635%
811.232838980036,25784.8042633929,74.0782048207346%
811.417094046833,25756.9453869048,74.0520445307383%
811.601332947312,25743.9099032738,74.0922511576533%
811.785555679186,25738.3836383929,74.0819522088955%
811.969762240165,25715.1408184524,74.1177584288665%
812.153952627961,25691.5729241071,74.0706562058611%
812.338126840287,25652.0763839286,74.0495788514712%
812.522284874853,25613.8476339286,74.0295561462332%
812.706426729371,25603.2502083333,73.9976538338488%
812.890552401553,25590.3122470238,74.0200430225015%
813.074661889111,25559.8527752976,74.0153151258486%
813.258755189755,25548.7352306548,74.0211298088484%
813.442832301198,25503.7449330357,73.984209698289%
813.62689322115,25515.1875520833,73.9629126026488%
813.810937947325,25487.0686160714,73.9776613061374%
813.994966477433,25489.5716889881,73.9622034407311%
814.178978809186,25443.216078869,73.9179425213471%
814.362974940295,25408.9207291667,73.9136788671614%
814.546954868473,25397.4130952381,73.9507154469621%
814.73091859143,25377.3234970238,73.9374190610599%
814.914866106879,25371.5371726191,73.935994792329%
815.09879741253,25348.9445014881,73.9417083084705%
815.282712506096,25318.4525223214,73.9596026375602%
815.466611385288,25251.2271354167,73.9064739252938%
815.650494047817,25205.3266294643,73.9238913500887%
815.834360491397,25194.5016517857,73.9297547326353%
816.018210713736,25180.7835119048,73.9560311862978%
816.202044712549,25173.2092782738,73.9728231854306%
816.385862485545,25158.7109598214,73.9808346805998%
816.569664030437,25148.6986681548,73.9961577712456%
816.753449344937,25095.5815104167,73.9948238956571%
816.937218426755,25057.1577157738,73.9943636465042%
817.120971273604,25004.1380803571,73.974764270517%
817.304707883195,24978.7497693452,74.0043786717444%
817.488428253239,24944.0968377976,74.024910946005%
817.672132381449,24908.013578869,74.021983295161%
817.855820265535,24894.7505431548,74.0630400663069%
818.03949190321,24863.0557886905,74.0858179088164%
818.223147292185,24835.6520163691,74.1242169400811%
818.406786430172,24789.914047619,74.0889343554451%
818.590409314882,24745.6389136905,74.0884301518063%
818.774015944027,24693.4644717262,74.0997293045851%
818.957606315318,24676.0079761905,74.1168087996259%
819.141180426467,24628.3520684524,74.1321958195476%
819.324738275186,24618.1447321429,74.1674534494606%
819.508279859186,24592.9839732143,74.1744140515746%
819.691805176179,24542.5974404762,74.174695674986%
819.875314223877,24487.56234375,74.1946250273918%
820.05880699999,24448.9760119048,74.2243294335412%
820.242283502231,24430.9343824405,74.2728002489391%
820.425743728311,24379.6051339286,74.2588625370837%
820.609187675942,24351.4211830357,74.2500104664175%
820.792615342836,24341.6364434524,74.2601623253417%
820.976026726703,24316.215625,74.2829372523313%
821.159421825256,24300.3845014881,74.3056297100742%
821.342800636207,24258.2873660714,74.2972650685212%
821.526163157266,24234.1668452381,74.3412408364016%
821.709509386145,24186.9335342262,74.3166854407691%
821.892839320557,24172.4027083333,74.3126399246265%
822.076152958212,24132.5485863095,74.2857600886745%
822.259450296822,24109.6308407738,74.316261080218%
822.442731334099,24086.5505580357,74.3328842440886%
822.625996067754,24068.1838541667,74.3171672497736%
822.809244495499,24019.6177380952,74.2993257413047%
822.992476615046,24018.5775,74.2991025701589%
823.175692424106,23962.5996875,74.2765032065636%
823.358891920391,23940.0395238095,74.2804850836433%
823.542075101612,23916.7316889881,74.2611250952323%
823.725241965481,23922.2579538691,74.2883694198731%
823.90839250971,23901.9408035714,74.2882672747423%
824.091526732009,23842.3546651786,74.2260361452364%
824.274644630092,23804.0934077381,74.2048322738079%
824.457746201669,23788.8799255952,74.2093203231717%
824.640831444452,23729.3262946429,74.1907878530325%
824.823900356152,23687.8468005952,74.1907900200848%
825.006952934482,23633.9494642857,74.1493060436523%
825.189989177152,23602.6447991071,74.1776663084842%
825.373009081875,23573.5831473214,74.1439458364852%
825.556012646361,23533.8915625,74.1619580811332%
825.738999868323,23509.7060267857,74.1726074644376%
825.921970745472,23491.7944270833,74.1913782420112%
826.10492527552,23468.9416964286,74.1986052213759%
826.287863456178,23458.3767782738,74.2006945488689%
826.470785285158,23402.13890625,74.1915627927939%
826.653690760172,23376.5555505952,74.18987257544%
826.836579878931,23311.7032068452,74.18490163591%
827.019452639146,23287.6802083333,74.1954861409079%
827.202309038529,23245.062953869,74.1921849422772%
827.385149074793,23208.2970386905,74.175509633346%
827.567972745648,23180.1130877976,74.1607344000441%
827.750780048806,23126.8008854167,74.1149164703542%
827.933570981979,23111.3598511905,74.1404744900102%
828.116345542878,23093.0581622024,74.1554196262559%
828.299103729215,23052.9439806548,74.1562953463028%
828.481845538702,23038.8032440476,74.2005195732886%
828.664570969049,23032.9519047619,74.1521831028444%
828.847280017969,23020.6315848214,74.1618497109827%
829.029972683174,22987.6365327381,74.1346740678311%
829.212648962374,22957.664672619,74.119780453043%
829.395308853282,22914.3972693452,74.1102356464635%
829.577952353609,22858.2894270833,74.1054100320701%
829.760579461066,22811.1536383929,74.0925408368817%
829.943190173366,22748.089203869,74.0680200304684%
830.12578448822,22690.7135714286,74.0416966633854%
830.308362403339,22661.1968154762,74.062756936519%
830.490923916435,22617.5068154762,74.077715724062%
830.673469025219,22597.3196949405,74.0866477062683%
830.855997727404,22555.9702306548,74.0671167446281%
831.038510020701,22553.9222619048,74.0992589332298%
831.221005902821,22515.8235416667,74.102417340628%
831.403485371477,22456.6274925595,74.0986809116951%
831.585948424378,22440.7963690476,74.152216123162%
831.768395059239,22403.1852604167,74.1665950228076%
831.950825273768,22369.8326264881,74.1975470461567%
832.13323906568,22318.698422619,74.2089830801062%
832.315636432684,22288.1414285714,74.1936817161043%
832.498017372493,22231.7085119048,74.2377689083013%
832.680381882818,22177.518608631,74.2458462564406%
832.862729961371,22126.2868824405,74.2128755992381%
833.045061605863,22089.0008482143,74.2067483973408%
833.227376814007,22060.9144196429,74.2049550375288%
833.409675583512,22019.9225372024,74.2106562513847%
833.591957912092,21982.1163839286,74.1912748062089%
833.774223797458,21957.8333258929,74.2111288517042%
833.956473237321,21937.7437276786,74.2606201828285%
834.138706229394,21898.7673065476,74.2640039711329%
834.320922771387,21890.3478794643,74.2565360206084%
834.503122861012,21868.3403422619,74.2482811569399%
834.68530649598,21853.87453125,74.3114284290589%
834.867473674004,21790.8100967262,74.2117408088658%
835.049624392795,21774.2638095238,74.2080700397278%
835.231758650065,21741.983921131,74.1838754506249%
835.413876443525,21691.6949107143,74.1361182610035%
835.595977770886,21664.2261235119,74.165804681992%
835.778062629861,21629.4431622024,74.1643384971682%
835.960131018161,21614.7497991071,74.1559480345232%
836.142182933497,21586.6958779762,74.1467652911219%
836.324218373582,21581.3321502976,74.180705909178%
836.506237336126,21569.3369047619,74.2362362907967%
836.688239818842,21558.8044940476,74.2803840378578%
836.87022581944,21524.5091443452,74.3320318356332%
837.052195335633,21510.2708854167,74.3726304269182%
837.234148365132,21482.8020982143,74.3652507924962%
837.416084905649,21463.39515625,74.4434357560222%
837.598004954895,21408.6201190476,74.4088842505392%
837.779908510583,21357.2258556548,74.4176645484448%
837.961795570422,21337.78640625,74.4089768259566%
838.143666132126,21307.0993824405,74.3811608195978%
838.325520193406,21255.3475372024,74.3816240390595%
838.507357751972,21216.8262202381,74.3563637134964%
838.689178805538,21186.5943005952,74.4219286535026%
838.870983351814,21151.9088616071,74.4463613467304%
839.052771388512,21136.9554389881,74.4797073178542%
839.234542913344,21114.5578125,74.506253674702%
839.416297924021,21069.4699925595,74.493970484289%
839.598036418256,21042.3912946429,74.4918104905122%
839.779758393758,21013.7197321429,74.4996507629486%
839.961463848241,20955.433891369,74.4933464296766%
840.143152779415,20929.9155505952,74.4712410930446%
840.324825184993,20891.0691592262,74.4354763617324%
840.506481062685,20852.2877827381,74.4706109827348%
840.688120410204,20840.9751934524,74.4284488614988%
840.869743225261,20786.1676488095,74.4407343086336%
841.051349505568,20766.6631845238,74.4631549780916%
841.232939248836,20755.6756696429,74.4297430378921%
841.414512452777,20746.3785416667,74.493302370559%
841.596069115102,20726.0288839286,74.4715790909401%
841.777609233523,20693.9115327381,74.447883599329%
841.959132805752,20646.4506696429,74.4441341852685%
842.1406398295,20654.9351116071,74.4666143658897%
842.322130302479,20615.3735565476,74.4905825270734%
842.503604222401,20575.1293452381,74.4955861637836%
842.685061586976,20569.7006026786,74.4990558373254%
842.866502393917,20516.7784895833,74.4737521948578%
843.047926640935,20486.4815550595,74.4983939746359%
843.229334325743,20468.5699553571,74.4437192273528%
843.41072544605,20435.6074107143,74.4347145252824%
843.59209999957,20412.9497247024,74.4720848390636%
843.773457984013,20389.8369345238,74.4586966389761%
843.954799397091,20345.4967857143,74.465239336516%
844.136124236516,20335.4194791667,74.4438438362938%
844.3174325,20304.6349330357,74.3911166774764%
844.498724185254,20268.8117336309,74.3750148764311%
844.679999289989,20261.4325446429,74.3280099503185%
844.861257811917,20237.7021130952,74.3516331917727%
845.04249974875,20174.4426339286,74.3709520463159%
845.2237250982,20158.3189434524,74.3447809360071%
845.404933857977,20131.2727529762,74.3241869775242%
845.586126025795,20113.4911830357,74.416443015213%
845.767301599363,20094.4418229167,74.4819071486891%
845.948460576394,20046.1032589286,74.434665341756%
846.1296029546,20040.2194122024,74.4249823448586%
846.310728731691,20030.564702381,74.3985657778663%
846.49183790538,19977.187485119,74.3956112870536%
846.672930473378,19975.3020535714,74.407093893035%
846.854006433397,19941.0067038691,74.3576804591622%
847.035065783148,19912.8877678571,74.4332022942579%
847.216108520343,19905.7686383929,74.4607665241334%
847.397134642694,19888.1170982143,74.4080780444626%
847.578144147912,19907.3289955357,74.4630693307274%
847.759137033709,19876.284389881,74.4519948497681%
847.940113297796,19836.4952827381,74.4877050659836%
848.121072937885,19809.2215401786,74.4871742883294%
848.302015951687,19780.6475,74.5389461709679%
848.482942336915,19770.2776264881,74.5610427731721%
848.663852091279,19733.3816815476,74.5241297790821%
848.844745212492,19716.8679017857,74.4885046579097%
849.025621698264,19675.5509449405,74.5176905268573%
849.206481546309,19636.2169419643,74.516087005529%
849.387324754336,19592.3969122024,74.5006373593812%
849.568151320058,19552.9978943452,74.4600081618992%
849.748961241186,19547.9267336309,74.5376974731089%
849.929754515432,19492.3390104167,74.4868199333043%
850.110531140508,19460.1241369048,74.5359757123005%
850.291291114125,19463.0498065476,74.5673058453973%
850.472034433994,19437.1088690476,74.5367020198209%
850.652761097828,19420.9851785714,74.5950016975311%
850.833471103337,19375.9623735119,74.5645727251533%
851.014164448235,19361.8216369048,74.552012911191%
851.194841130231,19331.5897172619,74.5650962761694%
851.375501147038,19265.0469866071,74.5223271950576%
851.556144496367,19241.0890029762,74.5120556234189%
851.73677117593,19213.36015625,74.4814373335208%
851.917381183438,19200.454702381,74.4963046368721%
852.097974516604,19166.0293229167,74.4762962240511%
852.278551173138,19098.9989806548,74.3948057098733%
852.459111150753,19077.5440699405,74.402697002428%
852.639654447159,19061.1603199405,74.458315678046%
852.820181060069,19046.5319717262,74.4443304041755%
853.000690987194,19053.5860863095,74.49691724799%
853.181184226245,19038.6976785714,74.4571402627278%
853.361660774935,19036.0320684524,74.4811509621685%
853.542120630975,19000.2088690476,74.4179407280524%
853.722563792076,18984.4427604167,74.4741764672756%
853.90299025595,18957.3315550595,74.4474931784576%
854.083400020309,18909.513110119,74.4241717339961%
854.263793082864,18880.8090401786,74.4500540654628%
854.444169441326,18845.3759300595,74.4294706719508%
854.624529093409,18832.7955505952,74.4088869519314%
854.804872036822,18786.7975223214,74.3897492625369%
854.985198269278,18748.0486532738,74.3818508991889%
855.165507788488,18721.0024627976,74.414686305187%
855.345800592164,18696.8819419643,74.4250585570613%
855.526076678017,18686.6420982143,74.4534025478457%
855.706336043759,18645.8777678571,74.4320005457881%
855.886578687102,18615.2232514881,74.44750437774%
856.066804605757,18623.9027380952,74.5130279225325%
856.247013797436,18596.303921131,74.5215834679687%
856.42720625985,18544.1944940476,74.4604602637698%
856.607381990712,18499.4642559524,74.4143826038863%
856.787540987732,18461.6255952381,74.3562982238447%
856.967683248622,18437.2125074405,74.3699422509129%
857.147808771093,18392.6122991071,74.4137304747031%
857.327917552859,18357.5042633929,74.4614454454706%
857.508009591629,18354.0584747024,74.4580695828247%
857.688084885116,18309.8483556548,74.4595877653482%
857.868143431031,18269.181547619,74.4711291177704%
858.048185227085,18224.938921131,74.4680277288663%
858.228210270991,18204.5567559524,74.4829635845527%
858.40821856046,18191.8138392857,74.5242868083629%
858.588210093204,18166.1329613095,74.5624592948268%
858.768184866934,18140.7771577381,74.6370366578579%
858.948142879361,18122.410453869,74.649149095408%
859.128084128198,18100.012827381,74.6913966839295%
859.308008611156,18059.7686160714,74.7259200622975%
859.487916325946,18030.2193526786,74.7754762515053%
859.667807270281,18012.0151860119,74.7733716769123%
859.847681441871,17956.4274627976,74.8127810712193%
860.027538838428,17915.2730431548,74.7946267910832%
860.207379457665,17918.426264881,74.8195240734811%
860.387203297292,17921.0593675595,74.9089417047806%
860.567010355021,17887.1866145833,74.9504503108377%
860.746800628564,17856.0444866071,74.9292884068935%
860.926574115632,17829.4859077381,74.8798358206268%
861.106330813937,17806.5681622024,74.8476829444248%
861.286070721191,17790.4444717262,74.8243942236821%
861.465793835104,17771.7852008929,74.8472412970714%
861.645500153389,17761.6753869048,74.8405282337513%
861.825189673758,17765.4787574405,74.8721765795146%
862.004862393922,17748.3473363095,74.8388557602042%
862.184518311592,17728.1602157738,74.8075051475408%
862.36415742448,17677.3185788691,74.8050170206137%
862.543779730298,17649.0371056548,74.7653402628454%
862.723385226757,17655.7661458333,74.7462739177568%
862.902973911569,17627.9072693452,74.7304139064303%
863.082545782446,17605.3471056548,74.7120033757357%
863.262100837098,17615.6519642857,74.6785883107534%
863.441639073238,17589.8085491071,74.6726869852419%
863.621160488578,17587.0779241071,74.6509665798408%
863.800665080828,17582.2343154762,74.6791045777056%
863.980152847701,17535.1635416667,74.6685793763313%
864.159623786908,17508.5724553571,74.63529966092%
864.33907789616,17486.4673958333,74.6997947761509%
864.51851517317,17474.2120907738,74.7716086825027%
864.697935615649,17442.0622321429,74.778993272457%
864.877339221308,17417.0965178571,74.7627449883639%
865.056725987859,17370.0257440476,74.7690515490528%
865.236095913014,17333.8124553571,74.7588446326338%
865.415448994484,17292.8205729167,74.7462298837644%
865.594785229981,17254.3317633929,74.7588663259748%
865.774104617216,17223.3846800595,74.7738934117808%
865.953407153901,17189.0243154762,74.8147437259647%
866.132692837748,17173.0631622024,74.7985218348901%
866.311961666469,17161.913110119,74.8120346038745%
866.491213637774,17104.017358631,74.8007177611374%
866.670448749375,17061.8877157738,74.7975197465798%
866.849666998984,17029.0226934524,74.7621976042199%
867.028868384313,16967.3235714286,74.791124325094%
867.208052903074,16924.1536904762,74.8056220355946%
867.387220552977,16892.1338616071,74.8079702807824%
867.566371331734,16852.8973809524,74.7837787237914%
867.745505237058,16845.0305803571,74.787689404899%
867.924622266659,16796.3019270833,74.7566826593557%
868.103722418249,16757.6830877976,74.6875429199286%
868.28280568954,16727.4836755952,74.6568044623358%
868.461872078243,16731.3195535714,74.6512187016073%
868.640921582071,16725.013110119,74.7055267901933%
868.819954198734,16711.1324330357,74.7372425083231%
868.998969925944,16688.149672619,74.7153933232235%
869.177968761413,16664.8743452381,74.735188589993%
869.356950702852,16626.9706696429,74.6819276979132%
869.535915747973,16605.0931622024,74.7086888623132%
869.714863894488,16570.8303199405,74.7038129700633%
869.893795140108,16547.2949330357,74.7573375016658%
870.072709482545,16500.7767857143,74.746951599136%
870.25160691951,16472.9179092262,74.7620984139894%
870.430487448715,16456.729203869,74.7535839046805%
870.609351067871,16431.7309821429,74.7959211470185%
870.788197774691,16400.6863764881,74.8109377560123%
870.967027566885,16400.0037202381,74.8237196745819%
871.145840442166,16371.5272023809,74.8501274168497%
871.324636398245,16344.6110416667,74.8629662356138%
871.503415432833,16294.4195535714,74.8697995602118%
871.682177543643,16272.0219270833,74.8587497790088%
871.860922728385,16251.7697916667,74.8539209337252%
872.039650984771,16214.5487723214,74.828388404382%
872.218362310514,16165.7876116071,74.8694930513618%
872.397056703323,16115.2060342262,74.8294736373204%
872.575734160912,16070.8008705357,74.8188139637386%
872.754394680992,16056.075,74.8744383997494%
872.933038261274,16008.5166145833,74.8681786417636%
873.11166489947,15980.917797619,74.8855532109697%
873.290274593292,15925.8176860119,74.8800774710797%
873.46886734045,15889.4093526786,74.8405379587354%
873.647443138657,15849.9128125,74.8321167883212%
873.826001985625,15841.7209375,74.8433595784674%
874.004543879064,15808.1082440476,74.8234835850134%
874.183068816687,15776.6410416667,74.8389822961058%
874.361576796205,15750.5375669643,74.8308283524846%
874.54006781533,15713.6091145833,74.7898360350112%
874.718541871772,15690.6913690476,74.8168002379119%
874.896998963245,15646.0586532738,74.7939138237147%
875.07543908746,15619.85765625,74.766303308472%
875.253862242127,15603.6039360119,74.7275370034529%
875.432268424959,15576.2976860119,74.7733817297233%
875.610657633667,15551.3319717262,74.7573282075925%
875.789029865963,15525.8136309524,74.7510083847553%
875.967385119559,15483.2938988095,74.7162866782538%
876.145723392165,15451.306577381,74.7452238531933%
876.324044681495,15443.7648511905,74.7926023829198%
876.502348985258,15411.9725744048,74.7611568279225%
876.680636301168,15411.8100372024,74.7929134026174%
876.858906626934,15410.347202381,74.8199106687036%
877.03715996027,15402.2203422619,74.8077378939964%
877.215396298886,15376.1818824405,74.774462786603%
877.393615640495,15368.9327232143,74.7147959630563%
877.571817982808,15345.7224107143,74.7046584480152%
877.750003323535,15339.6760267857,74.7434702402078%
877.92817166039,15318.9037723214,74.7255835192047%
878.106322991084,15313.345,74.689814191135%
878.284457313328,15309.3465848214,74.6726076526984%
878.462574624833,15299.2692782738,74.6429408547543%
878.640674923312,15299.074233631,74.6391184465336%
878.818758206476,15288.9644196429,74.6573066865749%
878.996824472037,15297.7414285714,74.703376403901%
879.174873717706,15290.1671949405,74.718791095247%
879.352905941194,15278.6920684524,74.7378168270991%
879.530921140214,15263.9011830357,74.7232649352734%
879.708919312477,15275.5063392857,74.7451422796472%
879.886900455695,15305.3806770833,74.7593065521888%
880.064864567579,15283.7307217262,74.7328269698318%
880.24281164584,15301.804858631,74.735937935119%
880.420741688191,15311.1344940476,74.7207761383742%
880.598654692343,15316.4332068452,74.7180817989412%
880.776550656007,15329.5011979167,74.7376969112083%
880.954429576896,15344.3570982143,74.8352834930108%
881.13229145272,15333.759672619,74.8505464411095%
881.310136281192,15328.5584821429,74.8375710933538%
881.487964060023,15319.3263690476,74.7852551004369%
881.665774786924,15337.1079389881,74.8021626549104%
881.843568459607,15334.5398511905,74.8278844830637%
882.021345075784,15339.350952381,74.865999976405%
882.199104633167,15318.741235119,74.8448884475079%
882.376847129466,15327.8758258929,74.8756174861453%
882.554572562394,15339.7085342262,74.8717595553151%
882.732280929662,15322.9021875,74.8674313947634%
882.909972228982,15331.77671875,74.8002475417727%
883.087646458065,15332.6219122024,74.8338788838547%
883.265303614623,15343.446889881,74.8608080693024%
883.442943696368,15344.682172619,74.8415189833656%
883.620566701011,15325.567797619,74.8302057950924%
883.798172626263,15340.2611607143,74.7875949148417%
883.975761469837,15338.538266369,74.8200704805707%
884.153333229443,15316.4982217262,74.803313279001%
884.330887902795,15305.9658110119,74.8096484036356%
884.508425487602,15291.2074330357,74.7820646833981%
884.685945981577,15291.1099107143,74.7661079381252%
884.863449382431,15306.2583779762,74.7463019706507%
885.040935687876,15319.1963392857,74.7542112843635%
885.218404895624,15321.0167559524,74.7957579518825%
885.395857003386,15334.7023883929,74.7852516992956%
885.573292008873,15403.0980431548,74.8120366912201%
885.750709909798,15413.6629613095,74.8625305324865%
885.928110703872,15403.8782217262,74.8468821773979%
886.105494388806,15399.8798065476,74.8197114211717%
886.282860962312,15411.8100372024,74.8998300086459%
886.460210422102,15420.1644494048,74.8939822490978%
886.637542765887,15413.8580059524,74.9542847440824%
886.814857991378,15445.6827901786,74.9360509097148%
886.992156096289,15456.8978571429,74.9246578678225%
887.169437078329,15468.2104464286,74.9406074012914%
887.346700935212,15473.8667410714,74.9197748639576%
887.523947664647,15494.7040104167,74.9127180106895%
887.701177264347,15493.2086681548,74.9020955531868%
887.878389732024,15527.4390029762,74.9322927283846%
888.055585065389,15527.3089732143,74.9379051194103%
888.232763262153,15548.5038244048,74.9476833408256%
888.409924320028,15561.766860119,74.9310115784357%
888.587068236727,15583.4493229167,74.9487022640691%
888.76419500996,15585.7573511905,74.9784230020474%
888.941304637439,15598.3052232143,74.9393491267241%
889.118397116875,15574.737328869,74.9866602739091%
889.295472445981,15515.41125,74.9428693402978%
889.472530622467,15516.028891369,74.873324663196%
889.649571644046,15534.6231473214,74.9225146339817%
889.826595508429,15564.1724107143,74.9073060557474%
890.003602213328,15566.61046875,74.8775711031214%
890.180591756454,15590.9260342262,74.9019939753706%
890.357564135518,15611.2431845238,74.8897188142106%
890.534519348233,15604.3190997024,74.8629975163798%
890.71145739231,15588.9755877976,74.8665556471115%
890.88837826546,15614.5589434524,74.8757064425254%
891.065281965396,15595.7696428571,74.8526333979762%
891.242168489829,15592.7139434524,74.8486081937815%
891.41903783647,15623.6285193452,74.808596373405%
891.595890003031,15608.5125595238,74.7686746803226%
891.772724987223,15605.1317857143,74.7340996579912%
891.949542786759,15602.2386235119,74.7470585191304%
892.126343399349,15609.6503199405,74.7541624655444%
892.303126822706,15631.1052306548,74.7688445581458%
892.479893054541,15633.0881845238,74.7272469564285%
892.656642092565,15634.7785714286,74.7820108434404%
892.83337393449,15674.7302157738,74.7561803662794%
893.010088578028,15665.7906696429,74.7398617313227%
893.186786020891,15659.7117782738,74.7393232544703%
893.36346626079,15682.1419122024,74.7280862781092%
893.540129295436,15670.3417113095,74.7725894481504%
893.716775122541,15682.4669866071,74.7692995922238%
893.893403739817,15666.5708482143,74.8034782342333%
894.070015144975,15694.332202381,74.8338516002488%
894.246609335727,15686.9205059524,74.8445017741151%
894.423186309785,15698.8832440476,74.858602374944%
894.59974606486,15687.440625,74.850495413406%
894.776288598663,15765.6535267857,74.9127325297514%
894.952813908907,15770.7571949405,74.9160908382492%
895.129321993303,15756.7789955357,74.9057969349539%
895.305812849562,15774.5605654762,74.9389139621123%
895.482286475397,15790.3266741071,74.9674873828062%
895.658742868518,15791.4319270833,74.9463302532676%
895.835182026638,15797.283266369,74.9548135099946%
896.011603947467,15772.6751339286,74.9505532483596%
896.188008628718,15772.2850446429,74.9807022281983%
896.364396068102,15758.2743377976,74.9713519210501%
896.54076626333,15728.8876116071,74.9076981470619%
896.717119212115,15734.8364732143,74.9388354577945%
896.893454912168,15756.6814732143,74.9979387689753%
897.0697733612,15747.579389881,75.0055164659312%
897.246074556924,15753.040639881,74.9843123031842%
897.42235849705,15746.4741369048,74.9178584862931%
897.59862517929,15741.5980208333,74.8592068010404%
897.774874601356,15702.0364657738,74.8122379394554%
897.95110676096,15686.9855208333,74.8077096747541%
898.127321655813,15704.4745238095,74.8336123277746%
898.303519283626,15710.2283407738,74.8903152343051%
898.479699642112,15651.0322916667,74.8661640886943%
898.655862728981,15625.0913541667,74.8496207325193%
898.832008541946,15624.6687574405,74.874037236479%
899.008137078718,15617.8096875,74.8776612646965%
899.184248337009,15606.0419940476,74.8667440058891%
899.36034231453,15602.9862946429,74.899298850176%
899.536419008992,15574.1521949405,74.8636124336864%
899.712478418109,15578.8332663691,74.885412063046%
899.88852053959,15575.9401041667,74.8820590824158%
900.064545371148,15592.9740029762,74.8534194405605%
900.240552910494,15620.3452678571,74.9250027060879%
900.41654315534,15609.5853050595,74.9211600595895%
900.592516103397,15600.5807440476,74.9208827049787%
900.768471752377,15594.3718229167,74.9201884482465%
900.944410099992,15576.7527901786,74.9363894804769%
901.120331143953,15565.8302901786,74.9742791364002%
901.296234881972,15562.7745907738,74.9882915814041%
901.472121311761,15551.9171056548,74.9845373457138%
901.64799043103,15564.7250372024,75.006666368221%
901.823842237492,15530.5272098214,74.9945955841541%
901.999676728858,15504.1961830357,74.9197181561677%
902.17549390284,15493.1436532738,74.9020472084674%
902.351293757149,15491.1932068452,74.965672822446%
902.527076289498,15481.1484077381,74.9928611942342%
902.702841497597,15450.9815029762,74.979245475122%
902.878589379158,15418.6365997024,74.9814671723808%
903.054319931893,15397.7668229167,74.9596138653167%
903.230033153513,15415.125796131,75.0067887460301%
903.40572904173,15377.1571056548,74.9955661005727%
903.581407594256,15348.4205282738,75.0456679167333%
903.757068808802,15312.66234375,75.0557479717227%
903.932712683079,15269.7850297619,75.0572621468009%
904.1083392148,15250.1180282738,75.0720769666998%
904.283948401676,15232.6290252976,75.0253585430003%
904.459540241419,15218.6508258929,75.0090483520067%
904.63511473174,15195.0504241071,75.0027892224445%
904.81067187035,15185.1356547619,75.0188942619273%
904.986211654962,15162.8355505952,75.0095799204866%
905.161734083287,15162.8030431548,75.0466182063832%
905.337239153036,15148.9223660714,75.020713836843%
905.512726861921,15158.7071056548,74.9922843526672%
905.688197207654,15112.6115550595,74.9453531620898%
905.863650187947,15078.1211607143,74.9783767474605%
906.03908580051,15071.4571354167,74.9154453213078%
906.214504043056,15037.0317559524,74.8957012164999%
906.389904913296,15025.5566294643,74.8611458694932%
906.565288408942,15028.742358631,74.8632698458237%
906.740654527705,15021.3306622024,74.847344224363%
906.916003267297,14989.08328125,74.8136254854241%
907.091334625429,14967.173266369,74.7882717663923%
907.266648599814,14956.8033928571,74.7599704579025%
907.441945188162,14959.3064657738,74.7742747413385%
907.617224388186,14927.8392633929,74.697578592921%
907.792486197596,14926.7340104167,74.692373722854%
907.967730614105,14900.272953869,74.7399223087502%
908.142957635424,14850.6340922619,74.6830832444909%
908.318167259265,14927.4491741071,74.6734537466239%
908.493359483339,14893.3163616071,74.6794812593764%
908.668534305358,14863.8646205357,74.6394356867642%
908.843691723033,14819.3294270833,74.6115025336567%
909.018831734076,14794.7538020833,74.6312501677308%
909.1939543362,14742.4168229167,74.6556992455071%
909.369059527114,14743.2620163691,74.7036187743356%
909.544147304531,14735.4277232143,74.6812673698379%
909.719217666163,14702.0425818452,74.685752227678%
909.89427060972,14672.4933184524,74.6807165964796%
910.069306132916,14669.8927232143,74.6976998858929%
910.24432423346,14626.0076785714,74.7099383828646%
910.419324909066,14599.0265029762,74.7374034486596%
910.594308157444,14554.9464136905,74.7148144872977%
910.769273976306,14529.5255952381,74.7349413348072%
910.944222363363,14484.535297619,74.6908292565308%
911.119153316328,14436.6843452381,74.6756026943734%
911.294066832912,14412.2712574405,74.7048699643039%
911.468962910826,14381.7467708333,74.7238295074153%
911.643841547782,14358.373921131,74.6796395505254%
911.818702741492,14348.1015699405,74.7729721409881%
911.993546489667,14237.0236458333,74.7959551101242%
912.168372790018,14199.9001488095,74.7779381319314%
912.343181640258,14197.1045089286,74.8633527006671%
912.517973038099,14179.7130282738,74.925286823077%
912.69274698125,14129.9116294643,74.9132657916822%
912.867503467425,14113.852953869,74.8697736097629%
913.042242494335,14100.4923958333,74.9145160905142%
913.216964059691,14095.3887276786,74.9394199102936%
913.391668161205,14057.5175595238,74.9781998290867%
913.566354796589,14067.1072544643,75.0920851577307%
913.741023963554,14018.7036755952,75.0770842327407%
913.915675659812,14004.4979241071,75.0751614681357%
914.090309883074,13971.9579761905,75.0674032565024%
914.264926631052,13942.7988020833,75.0119712513433%
914.439525901458,13912.3068229167,75.0290378033482%
914.614107692003,13904.1799627976,75.0345166887914%
914.788672000398,13916.0451785714,75.0860862417524%
914.963218824356,13900.3440848214,75.0791431611849%
915.137748161588,13867.1539880952,75.0520182175388%
915.312260009805,13839.4576488095,75.0291375943197%
915.48675436672,13826.7472395833,74.986157843179%
915.661231230043,13797.9781547619,75.0399953263888%
915.835690597487,13770.541875,75.0290561481909%
916.010132466763,13730.9153050595,74.9627546229413%
916.184556835582,13714.8891369048,74.9029283196027%
916.358963701656,13700.0982514881,74.9133928247542%
916.533353062697,13673.7022098214,74.9379043602161%
916.707724916417,13622.2754389881,74.8869886020746%
916.882079260526,13594.481577381,74.9291470931467%
917.056416092737,13579.3006026786,74.8927868995093%
917.230735410761,13532.7499479167,74.8195809459121%
917.40503721231,13495.3338839286,74.8292774991542%
917.579321495095,13486.3293229167,74.8235842331941%
917.753588256828,13449.4333779762,74.7960412702889%
917.92783749522,13436.2353571429,74.852645431545%
918.102069207984,13400.5746949405,74.8224116704221%
918.27628339283,13375.0888616071,74.7830300996955%
918.450480047471,13332.2440550595,74.7486184814152%
918.624659169617,13317.0630803571,74.7676273430228%
918.798820756981,13304.6452380952,74.7332136680836%
918.972964807274,13260.0450297619,74.7609839308833%
919.147091318208,13241.5808035714,74.7561972663935%
919.321200287494,13230.495766369,74.6524440498091%
919.495291712844,13200.1013095238,74.6570198692755%
919.669365591969,13174.9730580357,74.7352560933876%
919.843421922582,13144.481078869,74.7351090419132%
920.017460702393,13110.2182366071,74.7081368487371%
920.191481929115,13084.8949404762,74.6751055054327%
920.365485600458,13072.2820535714,74.7366955653484%
920.539471714134,13036.9789732143,74.6553391751238%
920.713440267856,12998.9777752976,74.6816381788039%
920.887391259335,12971.5414955357,74.6122450954539%
921.061324686282,12947.0308854167,74.6072067442638%
921.235240546408,12896.8719047619,74.6084956802038%
921.409138837426,12888.8425669643,74.6946090264063%
921.583019557047,12872.8814136905,74.6623596068871%
921.756882702983,12857.4078720238,74.7023977433004%
921.930728272945,12831.3043973214,74.773642716976%
922.104556264645,12772.7910044643,74.7489296213721%
922.278366675794,12759.8855505952,74.7822405332197%
922.452159504104,12718.0484747024,74.8124391358785%
922.625934747287,12721.916860119,74.8547058369268%
922.799692403054,12668.799702381,74.8636949162698%
922.973432469117,12625.662328869,74.893315613088%
923.147154943188,12619.4534077381,74.8559911448672%
923.320859822977,12603.5897767857,74.8159346395036%
923.494547106197,12591.7895758929,74.8696501048096%
923.668216790559,12594.5202008929,74.9433574417563%
923.841868873775,12566.2062202381,74.9750537645329%
924.015503353557,12547.3519047619,74.908329367937%
924.189120227615,12515.13703125,74.9453230470056%
924.362719493662,12476.5181919643,74.9803550174694%
924.536301149409,12430.8452380952,75.0365154622768%
924.709865192568,12421.613125,75.087896305524%
924.883411620851,12405.6194642857,75.0337023623874%
925.056940431968,12374.574858631,74.9832615107812%
925.230451623632,12327.6341145833,75.0648468059057%
925.403945193554,12319.1821800595,75.0304706117771%
925.577421139446,12278.5153720238,74.9908152178161%
925.750879459019,12277.3451041667,74.995819703826%
925.924320149985,12217.9865178571,75.0169022499646%
926.097743210056,12212.0051488095,75.0409404070646%
926.271148636943,12167.8275372024,75.0148349170431%
926.444536428358,12171.143296131,75.023610798799%
926.617906582012,12130.5740104167,75.034504724493%
926.791259095617,12098.5866889881,75.0511731903057%
926.964593966884,12048.3301860119,75.0671215347256%
927.137911193526,12005.4528720238,74.9790420685277%
927.311210773253,11956.4966666667,74.9286295531391%
927.484492703778,11937.0572172619,74.8961611245555%
927.657756982812,11891.6118154762,74.8953047314962%
927.831003608066,11854.8133928571,74.8978346643526%
928.004232577253,11849.482172619,74.8944499571819%
928.177443888083,11835.1788988095,74.9072801448612%
928.350637538268,11797.5027752976,74.8714832394436%
928.523813525521,11774.6175372024,74.9012357210754%
928.696971847552,11741.3624255952,74.9490498485266%
928.870112502073,11719.9725297619,74.9716220582915%
929.043235486795,11692.3737127976,75.0271657777729%
929.216340799431,11684.279360119,75.0337877296314%
929.389428437692,11653.9174107143,74.9874451772741%
929.56249839929,11644.0351488095,74.9542675251878%
929.735550681935,11599.1098660714,74.9355744182068%
929.90858528334,11567.2200669643,74.9243999111084%
930.081602201217,11515.1756547619,74.8993750811491%
930.254601433276,11504.3831845238,74.8588578385572%
930.42758297723,11473.1110267857,74.857926320391%
930.60054683079,11460.9532440476,74.8899945602488%
930.773492991668,11434.557202381,74.9559733324185%
930.946421457575,11402.8624479167,74.9591210304369%
931.119332226223,11383.3904910714,75.0425254505107%
931.292225295323,11363.430922619,75.0666262433771%
931.465100662587,11323.7718452381,75.0089037783871%
931.637958325727,11295.7829389881,74.9723962389149%
931.810798282454,11256.1563690476,74.9186057018273%
931.98362053048,11253.7183110119,74.9966367385137%
932.156425067517,11204.6320758929,74.9272232134473%
932.329211891276,11175.830483631,74.9046059992227%
932.501980999468,11171.66953125,74.8731983537928%
932.674732389806,11130.092514881,74.8117474337268%
932.84746606,11101.5509821429,74.8310710511003%
933.020182007763,11062.1519642857,74.903759057971%
933.192880230806,11008.2546279762,74.831934028504%
933.36556072684,10988.2625520833,74.8488338612151%
933.538223493578,10957.1204241071,74.829993325998%
933.71086852873,10946.0353869048,74.8644077505404%
933.883495830009,10901.6302232143,74.8771868301959%
934.056105395126,10878.5824479167,74.8849554837633%
934.228697221793,10848.4480505952,74.8208550294418%
934.401271307721,10832.0968080357,74.7672957509363%
934.573827650622,10832.7794642857,74.7470081495803%
934.746366248207,10791.2674627976,74.6315850812276%
934.918887098188,10761.5556622024,74.5948039016835%
935.091390198276,10746.5047172619,74.5579552636853%
935.263875546184,10717.8331547619,74.5375421505024%
935.436343139623,10712.1118452381,74.5449643966014%
935.608792976304,10654.3786309524,74.4045436750825%
935.781225053939,10641.993296131,74.4671040743718%
935.95363937024,10608.9657366071,74.3572291620485%
936.126035922917,10566.83609375,74.3583878780663%
936.298414709684,10542.2279613095,74.31926667777%
936.470775728251,10516.8396502976,74.2943764418168%
936.64311897633,10494.2469791667,74.268752724998%
936.815444451632,10493.5968303571,74.2855785372652%
936.98775215187,10458.97640625,74.2489324888487%
937.160042074754,10445.8434002976,74.2419078982989%
937.332314217997,10396.237046131,74.1590580300258%
937.50456857931,10386.2247544643,74.1575264598979%
937.676805156404,10371.2388244048,74.1839896126602%
937.849023946992,10350.2065104167,74.1566661080963%
938.021224948784,10299.852485119,74.1763410825647%
938.193408159492,10262.5664508929,74.1905666925045%
938.365573576829,10237.6657514881,74.2111206203649%
938.537721198505,10231.1967708333,74.2279187203783%
938.709851022232,10233.7323511905,74.2536018904607%
938.881963045722,10220.1767485119,74.2589959711446%
939.054057266687,10170.3103348214,74.2085115074685%
939.226133682837,10177.3969568452,74.3039234158741%
939.398192291884,10164.686547619,74.2698938992042%
939.570233091541,10163.8738616071,74.3307799605176%
939.742256079519,10149.3105282738,74.2906279741531%
939.914261253528,10122.7519494048,74.3568506471732%
940.086248611282,10107.9935714286,74.3381444825463%
940.258218150492,10099.0215178571,74.3470057950177%
940.430169868868,10060.8577827381,74.3712907509281%
940.602103764123,10023.9618377976,74.4460083362231%
940.774019833969,9992.98224702381,74.4002237754604%
940.945918076116,10015.6724404762,74.493457227179%
941.117798488277,9986.02565476191,74.4483410692797%
941.289661068162,9947.37430803571,74.423568273584%
941.461505813485,9927.02465029762,74.49162896789%
941.633332721956,9913.92415178572,74.4528638520468%
941.805141791287,9889.02345238095,74.3700887463748%
941.976933019189,9881.96933779762,74.4142550498871%
942.148706403374,9850.63216517857,74.3756683320186%
942.320461941554,9815.1015327381,74.4369428860221%
942.49219963144,9791.01351934524,74.4456147543881%
942.663919470744,9798.2951860119,74.4888302905932%
942.835621457178,9773.97962053572,74.4141805639512%
943.007305588452,9735.78337797619,74.4363611712699%
943.17897186228,9715.20616815476,74.3855355296256%
943.350620276371,9695.70170386905,74.4262565662945%
943.522250828439,9662.80417410714,74.3596108736635%
943.693863516193,9619.73181547619,74.406209629111%
943.865458337347,9600.55242559524,74.415977113473%
944.037035289612,9574.61148809524,74.3937356927437%
944.208594370698,9566.67967261905,74.3331995475609%
944.380135578319,9565.76946428572,74.4340679045326%
944.551658910185,9505.98828125,74.3837190941506%
944.723164364008,9512.55478422619,74.4456687168111%
944.8946519375,9497.01622767857,74.4658988423496%
945.066121628372,9462.59084821429,74.3150025191903%
945.237573434335,9448.38509672619,74.4184662978167%
945.409007353102,9434.89450892857,74.5542308897477%
945.580423382385,9391.10698660714,74.4859508832851%
945.751821519893,9385.19063244048,74.4938101065307%
945.92320176334,9350.01758184524,74.4168193842877%
946.094564110437,9346.76683779762,74.3995167440631%
946.265908558895,9316.63244047619,74.3231163164195%
946.437235106426,9292.90200892857,74.3541124389641%
946.608543750742,9282.33709077381,74.368181506301%
946.779834489554,9251.19496279762,74.4855667854286%
946.951107320573,9210.78821428571,74.4027447834914%
947.122362241513,9191.57631696429,74.3754955620732%
947.293599250082,9179.5485639881,74.4113782175157%
947.464818343995,9147.46372023809,74.3973380491437%
947.636019520962,9148.37392857143,74.407564496673%
947.807202778695,9140.21456101191,74.4189674606177%
947.978368114904,9098.93011160714,74.3348866350785%
948.149515527303,9089.60047619048,74.3206190831598%
948.320645013603,9047.08074404762,74.2680344195055%
948.491756571515,9009.30709821429,74.2209754844827%
948.66285019875,8968.12017113095,74.2882297652616%
948.833925893021,8938.21332589286,74.1733455962861%
949.004983652038,8894.32828125,74.0976178870235%
949.176023473515,8887.17664434524,74.122311213732%
949.347045355161,8850.5082514881,74.147486024526%
949.518049294689,8840.33342261905,74.180465281621%
949.689035289811,8789.42677083333,74.1052043164069%
949.860003338237,8764.13598214286,74.2229744850006%
950.03095343768,8736.14707589286,74.1840476782939%
950.201885585851,8696.81307291666,74.1153350119756%
950.372799780462,8661.15241071429,73.9985546996896%
950.543696019224,8657.34904017857,74.0136683284361%
950.714574299849,8656.47133928571,74.0750401616403%
950.885434620049,8635.63406994048,74.0211807345093%
951.056276977534,8616.29214285714,73.9102176856577%
951.227101370018,8598.96567708333,73.9206761213307%
951.39790779521,8557.94128720238,73.9226598173516%
951.568696250824,8544.64574404762,73.9037739585484%
951.73946673457,8518.63979166667,73.9381014040166%
951.91021924416,8503.10123511905,73.8478606466092%
952.080953777306,8489.61064732143,73.788899309404%
952.251670331719,8497.73750744048,73.7325473957977%
952.422368905111,8492.82888392857,73.8054768649669%
952.593049495194,8506.4495014881,73.8492957685795%
952.763712099678,8471.40648065476,73.8687337517681%
952.934356716277,8456.16049107143,73.8558801706145%
953.1049833427,8446.08318452381,73.8046625019046%
953.275591976661,8418.87445684524,73.8458578562121%
953.446182615869,8396.89942708334,73.7542271405451%
953.616755258038,8370.34084821429,73.7777209970308%
953.787309900879,8398.16721726191,73.7588871852202%
953.957846542103,8383.79892857143,73.7042341579351%
954.128365179422,8364.87959821429,73.7103064314587%
954.298865810547,8347.22805803571,73.7191862855508%
954.46934843319,8310.88473958333,73.6634177804852%
954.639813045063,8289.72239583333,73.7798483109401%
954.810259643877,8272.13587053572,73.8071860676618%
954.980688227344,8260.79077380952,73.7894841972417%
955.151098793176,8274.63894345238,73.7860144125935%
955.321491339083,8239.17332589285,73.7280473437628%
955.491865862778,8201.20463541667,73.7314226025765%
955.662222361972,8182.02524553571,73.6661008606691%
955.832560834378,8156.27935267857,73.7595957543117%
956.002881277705,8145.22682291667,73.6860637509266%
956.173183689667,8091.91462053571,73.4670255344667%
956.343468067974,8087.07101190476,73.4957688396264%
956.513734410338,8053.06822916667,73.4389705985643%
956.683982714471,8020.69081845238,73.4752986867656%
956.854212978085,7995.1399702381,73.4795711907334%
957.024425198891,7988.67098958333,73.5235344256085%
957.1946193746,7974.72529761905,73.5174766692642%
957.364795502924,7932.56314732143,73.5457665303161%
957.534953581576,7922.74590029762,73.5554852745273%
957.705093608265,7892.83905505952,73.5158961343601%
957.875215580705,7865.85787946429,73.4610545193341%
958.045319496606,7873.46462053571,73.4096938479115%
958.21540535368,7856.1381547619,73.3587526714591%
958.38547314964,7832.08264880952,73.3033283162607%
958.555522882195,7797.72228422619,73.1711966217174%
958.725554549059,7754.29234375,73.1237730663526%
958.895568147942,7755.75517857143,73.1585813089172%
959.065563676556,7757.67311755952,73.2600913711607%
959.235541132613,7747.40076636905,73.2618464254893%
959.405500513824,7706.40888392857,73.1806278812741%
959.575441817901,7660.60590029762,73.2469169142137%
959.745365042556,7668.8302827381,73.4209417148362%
959.9152701855,7649.87844494048,73.3199043182677%
960.085157244445,7628.09845982143,73.3619307288795%
960.255026217102,7633.94979910714,73.3834143467374%
960.424877101183,7635.77021577381,73.405205181712%
960.5947098944,7577.3543452381,73.2625299916612%
960.764524594464,7562.20587797619,73.2580124746961%
960.934321199086,7529.79595982143,73.2627354694947%
961.104099705979,7507.62588541667,73.2096451903465%
961.273860112853,7502.84729166667,73.2577364611929%
961.443602417421,7486.59357142857,73.2402890459917%
961.613326617395,7439.68533482143,73.3306440628241%
961.783032710485,7406.0076264881,73.2521150236347%
961.952720694403,7358.35171875,73.1876563275041%
962.122390566862,7445.21159970238,73.3181064223295%
962.292042325572,7427.59256696429,73.2842355841782%
962.461675968244,7385.91802827381,73.225300407658%
962.631291492592,7341.61038690476,73.2211772640413%
962.800888896325,7322.13843005952,73.4132554549807%
962.970468177157,7331.04546875,73.4354492867907%
963.140029332799,7378.08373511905,73.3924611973393%
963.309572360961,7325.81177083333,73.2874472746298%
963.479097259356,7286.86785714286,73.241185415322%
963.648604025695,7276.10789434524,73.2450338396009%
963.818092657691,7228.71204613095,73.175890024674%
963.987563153053,7212.75089285714,73.1578074925406%
964.157015509495,7233.71819196429,73.2754745878397%
964.326449724727,7190.9709077381,73.2042445634625%
964.495865796462,7182.74652529762,73.2110717359954%
964.665263722411,7161.71421130952,73.235634183851%
964.834643500285,7138.08130208333,73.2779451939054%
965.004005127796,7109.1821875,73.3048642533937%
965.173348602655,7092.40834821429,73.1288698373818%
965.342673922576,7097.99962797619,73.1360616635262%
965.511981085267,7093.83867559524,73.2474456813995%
965.681270088442,6985.78394345238,73.1430538424027%
965.850540929813,6965.04419642857,73.1921951669009%
966.01979360709,6977.52705357143,73.1411334361944%
966.189028117985,6991.6352827381,73.0754064899218%
966.35824446021,6970.11535714286,72.9202427571439%
966.527442631476,6952.10623511905,72.8872787520273%
966.696622629496,6864.27113095238,72.8221160601377%
966.86578445198,6858.87489583333,72.9387735937647%
967.03492809664,6854.16131696429,73.0353701160536%
967.204053561188,6849.15517113095,72.9276541399617%
967.373160843336,6829.65070684524,72.8944774932022%
967.542249940794,6799.67884672619,72.808418343026%
967.711320851275,6765.38349702381,72.7570834455315%
967.880373572491,6786.31828869047,72.7197973686738%
968.049408102152,6787.61858630952,72.8564715521604%
968.21842443797,6794.38013392857,72.8577218804256%
968.387422577658,6776.1759672619,72.7419570312974%
968.556402518926,6778.41898065476,72.7238369257778%
968.725364259486,6783.78270833333,72.7745647051623%
968.89430779705,6782.64494791667,72.8036044674743%
969.06323312933,6786.87091517857,72.8670130478462%
969.232140254036,6793.795,72.9352488595356%
969.401029168881,6758.81699404762,72.9974554074148%
969.569899871576,6736.09429315476,73.0507891858103%
969.738752359834,6723.54642113095,73.010975227344%
969.907586631364,6712.75395089286,73.0982881759438%
970.076402683879,6695.10241071428,73.0440719971171%
970.245200515091,6763.36803571428,72.9635378718281%
970.413980122711,6770.68220982143,72.8941973437918%
970.582741504451,6759.82472470238,72.9788239501379%
970.751484658022,6731.28319196428,72.9906607952105%
970.920209581136,6725.6594047619,72.9261124294985%
971.088916271504,6724.84671875,72.9586104474721%
971.257604726839,6710.70598214286,72.9210147651703%
971.426274944852,6685.77277529762,72.9897510980966%
971.594926923254,6649.85205357143,72.7947512730121%
971.763560659756,6621.31052083333,72.8318166321366%
971.932176152072,6615.16661458333,72.8519622748304%
972.100773397911,6588.73806547619,72.8984501503586%
972.269352394986,6569.00604910714,72.9591396421814%
972.437913141009,6523.82070684524,72.9619447643265%
972.60645563369,6509.87501488095,72.6394935762173%
972.774979870742,6482.17867559524,72.5182701977875%
972.943485849876,6478.5378422619,72.5327399359991%
973.111973568804,6462.77173363095,72.5881916078723%
973.280443025237,6435.2704389881,72.5877996174664%
973.448894216887,6434.10017113095,72.5170790125473%
973.617327141465,6415.6034375,72.4761357730915%
973.785741796684,6314.08270089286,72.492889823173%
973.954138180254,6282.03036458333,72.531644697403%
974.122516289887,6259.47020089286,72.3732285208149%
974.290876123296,6243.08645089286,72.3971921329632%
974.45921767819,6210.74154761905,72.5035855458775%
974.627540952283,6191.43212797619,72.5438399280576%
974.795845943286,6185.6783110119,72.6394864922057%
974.96413264891,6161.72032738095,72.6373415971124%
975.132401066867,6152.6507514881,72.6795682387788%
975.300651194868,6151.12290178571,72.6050780273543%
975.468883030625,6121.67116071429,72.6492290907003%
975.63709657185,6098.91595238095,72.5466473667912%
975.805291816254,6102.97938244048,72.5980448866266%
975.973468761549,6098.26580357143,72.5577981117951%
976.141627405447,6084.93775297619,72.6458871426695%
976.309767745658,6068.42397321429,72.7252080647052%
976.477889779895,6067.96886904762,72.6250450463702%
976.64599350587,6053.92565476191,72.5387645505377%
976.814078921293,6037.18432291667,72.596413985309%
976.982146023877,6028.89492559524,72.6138578506494%
977.150194811332,6031.59304315476,72.7643490991664%
977.318225281372,6028.04973214286,72.7826452232357%
977.486237431706,6024.79898809524,72.6470942668635%
977.654231260048,6015.76191964286,72.6303613146136%
977.822206764108,6004.38431547619,72.7873905748191%
977.990163941597,6017.93991815476,72.7513086412228%
978.158102790229,5989.46340029762,72.6621841797278%
978.326023307714,5967.55338541667,72.6217294695647%
978.493925491763,5970.90165178571,72.5832465177296%
978.661809340089,5946.22850446429,72.5649237354508%
978.829674850403,5911.60808035714,72.6813486649776%
978.997522020416,5896.2320610119,72.6384110103221%
979.165350847841,5894.1840922619,72.6098089732311%
979.333161330388,5859.14107142857,72.5723845674287%
979.50095346577,5847.5034077381,72.6678498423313%
979.668727251698,5821.00984375,72.6769206248008%
979.836482685884,5819.35196428571,72.7536394446091%
980.004219766038,5806.8040922619,72.6857069259748%
980.171938489873,5790.03025297619,72.6614285252369%
980.339638855101,5772.24868303571,72.6581498654388%
980.507320859433,5729.98901041667,72.6586139679795%
980.67498450058,5722.25223958333,72.5626740947075%
980.842629776255,5724.10516369048,72.6126600612265%
981.010256684168,5710.02944196429,72.683651980014%
981.177865222031,5707.85144345238,72.7926401966157%
981.345455387557,5714.67800595238,72.5989265593226%
981.513027178456,5687.17671130952,72.4861258757649%
981.68058059244,5705.6409375,72.447614801605%
981.848115627221,5702.65025297619,72.4385566191566%
982.01563228051,5676.83934523809,72.4744685551156%
982.18313055002,5681.71546130952,72.6296362750878%
982.35061043346,5682.75569940476,72.658592157333%
982.518071928544,5668.09484375,72.5947747887433%
982.685515032983,5655.70950892857,72.5527499135247%
982.852939744488,5632.36916666667,72.482970412451%
983.020346060771,5618.8135639881,72.5037609768044%
983.187733979543,5601.12951636905,72.5219529329118%
983.355103498517,5568.03694196429,72.3489388704788%
983.522454615403,5523.82682291667,72.4751773049646%
983.689787327914,5510.69381696429,72.4641557885727%
983.85710163376,5491.90451636905,72.4338913747186%
984.024397530654,5489.33642857143,72.4783524455886%
984.191675016307,5470.18954613095,72.4893355505748%
984.358934088431,5446.3615922619,72.375244063025%
984.526174744737,5429.91282738095,72.355332267641%
984.693396982937,5415.08943452381,72.161696196031%
984.860600800742,5392.52927083333,72.3123610637101%
985.027786195865,5390.90389880952,72.4717019581689%
985.194953166016,5373.05731398809,72.486649424111%
985.362101708907,5374.87773065476,72.4334813598537%
985.529231822251,5349.19685267857,72.4156330446993%
985.696343503757,5314.70645833333,72.1182469550846%
985.863436751139,5291.30110119048,71.9082556679226%
986.030511562108,5279.14331845238,71.8789096561398%
986.197567934375,5271.82914434524,72.0394642772032%
986.364605865651,5277.77800595238,72.1820546661311%
986.531625353649,5255.73796130952,72.0229183461937%
986.698626396081,5250.01665178571,71.9728807039477%
986.865608990657,5241.40218005952,72.0169658557323%
987.032573135089,5246.31080357143,71.9659958900392%
987.199518827089,5231.7474702381,71.8760653374502%
987.366446064368,5241.95480654762,71.8837147861483%
987.533354844638,5234.64063244048,71.7627754797253%
987.700245165611,5209.60990327381,71.7480196748514%
987.867117024999,5202.29572916667,71.8547971284655%
988.033970420512,5192.77104910714,71.7530269236896%
988.200805349863,5177.91514880952,71.8708142580117%
988.367621810762,5168.81306547619,71.8674560006411%
988.534419800922,5141.47430803571,71.8367305934238%
988.701199318055,5122.06736607143,71.8634667742261%
988.867960359871,5095.89887648809,71.916883960187%
989.034702924082,5088.03207589286,71.8965042664464%
989.201427008401,5107.34149553571,72.0462363829962%
989.368132610538,5121.54724702381,72.3099850968703%
989.534819728206,5122.13238095238,72.3983021966106%
989.701488359115,5097.52424851191,72.3199933628548%
989.868138500978,5100.57994791667,72.2296228457248%
990.034770151505,5099.34466517857,72.1842629585972%
990.201383308409,5099.21463541667,72.23915099296%
990.367977969402,5086.6017485119,72.3739473628669%
990.534554132194,5072.88360863095,72.4559411770947%
990.701111794497,5064.72424107143,72.5040968778599%
990.867650954024,5049.12066964286,72.445314003464%
991.034171608485,5028.96605654762,72.4380790827007%
991.200673755592,5023.69985119048,72.3902964959569%
991.367157393057,5024.44752232143,72.3937282607517%
991.533622518592,5021.45683779762,72.5443825673776%
991.700069129907,5005.235625,72.568136009114%
991.866497224715,5002.60252232143,72.5562376695948%
992.032906800727,4992.29766369048,72.5543538608452%
992.199297855655,4999.28676339286,72.6205108722372%
992.36567038721,4981.60271577381,72.5406301452716%
992.532024393104,4986.90142857143,72.4839689503881%
992.698359871049,4959.79022321429,72.4280207544397%
992.864676818756,4944.02411458333,72.2335031139042%
993.030975233936,4921.00884672619,72.2730535647141%
993.197255114302,4906.3804985119,72.2861230329041%
993.363516457565,4895.91310267857,72.1952062687255%
993.529759261436,4882.12994791667,72.2034212600251%
993.695983523628,4862.17037946429,72.1874272409779%
993.862189241851,4853.10080357143,72.0697728869118%
994.028376413817,4849.98008928571,71.8032902633623%
994.194545037239,4836.00188988095,71.8235050570769%
994.360695109827,4817.21258928571,71.8229680424991%
994.526826629292,4800.5687797619,71.9882397934793%
994.692939593348,4791.33666666667,72.2277578362285%
994.859033999706,4768.97154761905,72.2955655495914%
995.025109846075,4742.25043154762,72.2450467971314%
995.19116713017,4719.04011904762,72.028262169451%
995.3572058497,4686.43515625,71.9077285325354%
995.523226002378,4673.4646875,71.8055879930672%
995.689227585916,4646.19094494048,71.9834301966118%
995.855210598024,4654.02523809524,71.9581394191284%
996.021175036415,4622.07042410714,71.9391396906894%
996.1871208988,4605.10154017857,71.9312385869908%
996.353048182891,4573.76436755952,72.0228519311402%
996.518956886399,4580.46090029762,71.7826829454796%
996.684847007035,4593.36635416667,71.8567176434363%
996.850718542512,4581.92373511905,71.8493238892466%
997.016571490542,4568.95326636905,71.8470248351449%
997.182405848835,4551.30172619048,71.803039956312%
997.348221615103,4549.38378720238,71.8627502221294%
997.514018787058,4557.51064732143,71.884430682027%
997.679797362411,4550.84662202381,71.6792905967116%
997.845557338875,4560.63136160714,71.6925566772349%
998.01129871416,4581.11104910714,71.64564411926%
998.177021485978,4588.84781994048,71.4914524162067%
998.342725652041,4574.08944196429,71.5368067863569%
998.508411210061,4576.5275,71.6741872349679%
998.674078157749,4589.40044642857,71.7271772201984%
998.839726492816,4601.42819940476,71.6582006380328%
999.005356212975,4586.92988095238,71.6802205375603%
999.170967315936,4566.35267113095,71.6273660015785%
999.336559799412,4551.26921875,71.7050165549094%
999.502133661114,4566.64523809524,71.7645250537964%
999.667688898753,4563.52452380952,72.0204265376175%
999.833225510041,4651.68470238095,71.9315667026045%
999.998743492691,4630.09976190476,72.1458585570829%
1000.16424284441,4625.77627232143,72.0307938870128%
1000.32972356292,4581.01352678571,72.00236352107%
1000.49518564592,4588.52274553571,72.1805710639656%
1000.66062909113,4578.86803571429,72.3725217645768%
1000.82605389626,4578.31540922619,72.2691052368491%
1000.99146005901,4565.14989583333,72.6091075975603%
1001.15684757711,4559.5911235119,73.122941903953%
1001.32221644827,4514.63333333333,73.1047904191616%
1001.48756667019,4477.86741815476,73.0414158548118%
1001.65289824058,4451.01627232143,73.207871781715%
1001.81821115716,4457.55026785714,72.866974211601%
1001.98350541765,4437.88326636905,72.7348459604375%
1002.14878101974,4443.66959077381,72.84071296565%
1002.31403796116,4422.1171577381,72.9002120532284%
1002.47927623961,4431.21924107143,73.2062659155799%
1002.64449585281,4433.88485119048,73.036373220875%
1002.80969679847,4432.97464285714,73.0570839064649%
1002.9748790743,4434.69753720238,73.1998931640717%
1003.14004267801,4412.78752232143,73.095196754692%
1003.30518760731,4304.57025297619,73.1153827868723%
1003.47031385991,4302.26222470238,72.9428462078204%
1003.63542143353,4275.80116815476,72.9711947364198%
1003.80051032588,4299.01148065476,73.0297610415559%
1003.96558053467,4266.63406994048,72.9177791802191%
1004.13063205761,4273.20057291667,72.7485684539303%
1004.29566489241,4245.60175595238,72.8306882630796%
1004.46067903678,4219.6283110119,72.6294519647786%
1004.62567448844,4195.44277529762,72.3857666765784%
1004.7906512451,4222.42395089286,72.5949461846855%
1004.95560930447,4225.28460565476,72.7587881629851%
1005.12054866425,4211.4364360119,72.6765580629442%
1005.28546932217,4203.69966517857,72.8858377828629%
1005.45037127593,4221.70878720238,72.8218933795161%
1005.61525452325,4190.43662946429,72.8931349048957%
1005.78011906183,4188.48618303571,72.8980399645839%
1005.9449648894,4185.17042410714,72.7239353891336%
1006.10979200365,4188.38866071429,72.7575160177427%
1006.2746004023,4175.61323660714,72.9227830639171%
1006.43939008307,4165.53593005952,72.7618844292628%
1006.60416104366,4170.93216517857,72.6080108816265%
1006.76891328179,4168.00649553571,72.7941440955361%
1006.93364679516,4157.08399553571,72.7503168567807%
1007.0983615815,4161.34247023809,72.6805247665079%
1007.2630576385,4163.03285714286,72.6494009351257%
1007.42773496389,4197.45823660714,72.7349625788418%
1007.59239355537,4173.95535714286,72.8346238426995%
1007.75703341066,4181.91968005952,72.8992104040873%
1007.92165452747,4185.36546875,72.90832928152%
1008.0862569035,4193.55734375,73.059429387663%
1008.25084053648,4174.34544642857,73.0075230499462%
1008.41540542411,4171.25723958333,72.8427068352131%
1008.5799515641,4159.13196428571,72.8527841342487%
1008.74447895416,4137.90460565476,72.7698090051392%
1008.90898759202,4105.94979166667,72.9455341035581%
1009.07347747537,4120.77318452381,72.9066512211604%
1009.23794860194,4113.84909970238,72.8090759235916%
1009.40240096942,4108.84295386905,72.8257052557649%
1009.56683457554,4099.44830357143,72.8433503711103%
1009.731249418,4091.90657738095,72.8236080528468%
1009.89564549452,4081.92679315476,73.0282606125104%
1010.06002280281,4067.88357886905,72.7006664161838%
1010.22438134058,4053.97039434524,72.3153827770254%
1010.38872110554,4048.24908482143,72.3355827975881%
1010.5530420954,4047.01380208333,72.5500050256307%
1010.71734430788,4011.64570684524,72.5371869134358%
1010.88162774068,3979.72340029762,72.5025453064549%
1011.04589239152,3994.83936011905,72.553113103279%
1011.21013825811,3982.16145833333,72.5068495972643%
1011.37436533816,3974.74976190476,72.5154186845482%
1011.53857362939,3996.46473214286,72.4811122442609%
1011.70276312949,3986.64748511905,72.4801645606817%
1011.8669338362,3964.76997767857,72.4842269629255%
1012.03108574721,3979.3333110119,72.2758386123039%
1012.19521886024,3977.77295386905,72.2215122470713%
1012.359333173,3966.33033482143,71.9926952411644%
1012.5234286832,3950.53171875,72.1302976627641%
1012.68750538856,3938.3739360119,72.1050001086508%
1012.85156328678,3920.00723214286,72.1028261914123%
1013.01560237558,3910.45004464286,71.9534801606567%
1013.17962265267,3898.77987351191,71.8498898212657%
1013.34362411576,3869.52317708333,71.6519359325227%
1013.50760676256,3883.95648065476,71.8286953379111%
1013.67157059078,3902.81079613095,72.2196900638104%
1013.83551559814,3892.70098214286,72.2380711360604%
1013.99944178234,3866.20741815476,72.1926995103614%
1014.16334914111,3871.31108630952,72.3172045529065%
1014.32723767214,3882.98125744048,72.3790892806638%
1014.49110737315,3874.46430803571,72.4184556992054%
1014.65495824186,3880.41316964286,72.4802489825233%
1014.81879027597,3883.14379464286,72.7143167709365%
1014.9826034732,3842.28194196429,72.7596207745364%
1015.14639783125,3847.97074404762,72.4915445321307%
1015.31017334784,3852.39175595238,72.6913091853134%
1015.47393002069,3836.88570684524,72.5681513481305%
1015.6376678475,3830.41672619048,72.9347227092831%
1015.80138682598,3821.02207589286,72.7284152318713%
1015.96508695385,3821.86726934524,72.6236608160474%
1016.12876822881,3823.78520833333,72.8552416052416%
1016.29243064858,3808.53921875,72.7968065928406%
1016.45607421088,3805.28847470238,72.8860936408107%
1016.6196989134,3806.71880208333,72.9051589369463%
1016.78330475387,3800.76994047619,72.7134306416046%
1016.94689173,3775.38162946429,73.1483440905724%
1017.11045983949,3830.44923363095,72.869020107844%
1017.27400908006,3842.34695684524,73.2961072964813%
1017.43753944942,3854.04963541667,73.348829753126%
1017.60105094529,3837.30830357143,73.0680290400646%
1017.76454356536,3820.56697172619,73.0990986113743%
1017.92801730736,3848.29581845238,72.9311003218592%
1018.091472169,3827.03595238095,72.8107169436864%
1018.25490814798,3815.43079613095,72.6972863597307%
1018.41832524203,3828.66132440476,72.454471930167%
1018.58172344884,3817.44625744048,72.4893658976309%
1018.74510276614,3829.1489360119,71.8120995634179%
1018.90846319164,3817.70631696429,72.0871008355271%
1019.07180472303,3812.63515625,71.9852219592449%
1019.23512735805,3836.98322916667,72.343841214244%
1019.3984310944,3817.34873511905,71.9869706840391%
1019.56171592978,3802.88292410714,72.0798560938928%
1019.72498186192,3818.32395833333,71.9723907132399%
1019.88822888853,3804.08569940476,71.9910044977511%
1020.05145700731,3801.64764136905,71.4014065376838%
1020.21466621597,3801.64764136905,71.5527760829775%
1020.37785651224,3818.42148065476,71.3671671118479%
1020.54102789381,3735.78756696429,71.5554867667544%
1020.70418035841,3703.37764880952,70.8837527607553%
1020.86731390374,3680.26485863095,70.7324760463943%
1021.03042852752,3697.00619047619,70.6022337860135%
1021.19352422745,3697.1362202381,70.3882877148313%
1021.35660100125,3652.53601190476,70.6475142363555%
1021.51965884663,3635.56712797619,70.8719494596414%
1021.68269776131,3637.02996279762,70.9082704828209%
1021.84571774298,3612.12926339286,71.0452803222244%
1022.00871878937,3595.6804985119,71.1843911366756%
1022.17170089819,3571.88505208333,71.8264419278378%
1022.33466406715,3556.11894345238,71.7097211656136%
1022.49760829395,3552.28306547619,71.275925004148%
1022.66053357632,3518.80040178571,70.8021390374331%
1022.82343991196,3506.51258928571,71.0614185975918%
1022.98632729858,3517.07750744048,71.0280056960738%
1023.1491957339,3507.00020089286,71.0622087684091%
1023.31204521562,3498.93835565476,71.1429158392112%
1023.47487574147,3492.76194196429,72.1089375820833%
1023.63768730915,3487.17066220238,72.1276816968772%
1023.80047991637,3460.61208333333,71.707844025508%
1023.96325356084,3480.34409970238,71.6064060423805%
1024.12600824028,3504.39960565476,72.5110443541262%
1024.28874395239,3506.77264880952,72.2668753111886%
1024.4514606949,3488.79603422619,72.767969057766%
1024.6141584655,3444.52090029762,72.5590807255908%
1024.77683726192,3429.46995535714,72.2566307199067%
1024.93949708186,3438.57203869048,72.0083513424416%
1025.10213792303,3416.20691964286,71.3218433316073%
1025.26475978316,3414.06142857143,71.3432060275398%
1025.42736265994,3404.30919642857,71.6573528860218%
1025.58994655109,3401.51355654762,71.4905660377359%
1025.75251145432,3418.25488839286,71.381291132499%
1025.91505736734,3403.36648065476,71.6723812459066%
1026.07758428787,3414.41901041667,72.4830393487109%
1026.24009221362,3418.48244047619,72.3850025359917%
1026.40258114229,3409.83546130952,72.0018830175356%
1026.56505107161,3409.1853125,71.9287128712871%
1026.72750199927,3396.01979910714,71.6585893379261%
1026.889933923,3399.36806547619,70.6772018037432%
1027.0523468405,3396.27985863095,70.793855581986%
1027.21474074949,3393.61424851191,70.8547636541758%
1027.37711564767,3388.73813244048,70.7940056300712%
1027.53947153277,3373.00453125,70.4342379958246%
1027.70180840248,3377.88064732143,70.6288117770769%
1027.86412625453,3373.16706845238,70.8032281235475%
1028.02642508662,3377.75061755952,70.6373421476397%
1028.18870489646,3369.62375744048,70.8839708328004%
1028.35096568178,3351.64714285714,70.7514450867051%
1028.51320744027,3349.01404017857,71.0384166630656%
1028.67543016965,3359.35140625,71.2797035099194%
1028.83763386764,3364.71513392857,70.8525847790078%
1028.99981853193,3353.04496279762,70.6866351375022%
1029.16198416026,3368.19343005952,71.2662409160978%
1029.32413075031,3359.05883928571,70.997085578027%
1029.48625829982,3347.1936235119,70.475473702851%
1029.64836680649,3322.55298363095,70.6765905931939%
1029.81045626803,3304.70639880952,70.7255406564629%
1029.97252668215,3288.16011160714,70.7087185064346%
1030.13457804657,3293.45882440476,71.6200759482087%
1030.29661035899,3281.85366815476,71.4509876315304%
1030.45862361713,3282.14623511905,71.6720063147142%
1030.6206178187,3290.59816964286,71.6806331471136%
1030.78259296141,3285.10441220238,71.386513388476%
1030.94454904297,3280.42334077381,71.4009889333647%
1031.1064860611,3272.19895833333,71.3865844986964%
1031.2684040135,3276.68498511905,70.7185485796132%
1031.4303028979,3288.84276785714,70.8952344202199%
1031.59218271199,3295.31174851191,70.646156860824%
1031.75404345349,3299.66774553571,71.0509348807221%
1031.91588512011,3302.33335565476,71.1757648470305%
1032.07770770956,3292.48360119048,70.5158590086229%
1032.23951121957,3297.3597172619,70.8872974757478%
1032.40129564783,3286.27468005952,69.8276746332957%
1032.56306099205,3254.28735863095,69.5125110086515%
1032.72480724996,3275.09212053571,69.3488783636081%
1032.88653441926,3271.32125744048,69.6031746031747%
1033.04824249766,3286.40470982143,69.6658097686375%
1033.20993148288,3286.8598139881,69.3967391304348%
1033.37160137262,3281.43107142857,69.5014982293653%
1033.53325216461,3295.57180803571,68.4890982798291%
1033.69488385654,3292.54861607143,69.3665283540802%
1033.85649644613,3295.11670386905,68.9693593314765%
1034.0180899311,3269.40331845238,68.8839035333708%
1034.17966430915,3245.15276785714,69.3433544303797%
1034.341219578,3236.92838541667,69.5275813295615%
1034.50275573535,3239.46396577381,69.6703045540253%
1034.66427277893,3220.31708333333,69.7505616682989%
1034.82577070643,3220.64215773809,70.4878189919563%
1034.98724951558,3222.36505208333,70.5824284304048%
1035.14870920408,3247.68834821429,70.2935489541222%
1035.31014976965,3228.83403273809,70.9108025417744%
1035.47157120999,3228.34642113095,70.792372379486%
1035.63297352283,3209.88219494048,70.4852156180651%
1035.79435670586,3244.24255952381,71.9522539990306%
1035.95572075681,3244.17754464286,71.5895936148176%
1036.11706567338,3234.45781994048,72.4383595589147%
1036.27839145329,3234.16525297619,72.2859111695795%
1036.43969809424,3234.16525297619,72.2731524789523%
1036.60098559395,3248.98864583333,72.7426213106553%
1036.76225395013,3255.06753720238,73.3341794643989%
1036.92350316049,3243.39736607143,72.9534868882792%
1037.08473322275,3249.70380952381,72.8234602573315%
1037.24594413461,3303.69866815476,73.0181914752355%
1037.40713589379,3303.99123511905,73.3342289091886%
1037.56830849799,3346.90105654762,73.716134249899%
1037.72946194494,3349.85923363095,73.0580539656583%
1037.89059623233,3340.72464285714,72.5087562667401%
1038.05171135789,3332.53276785714,72.5830027145541%
1038.21280731933,3314.06854166667,72.1817672594875%
1038.37388411435,3311.14287202381,72.7291886195995%
1038.53494174066,3289.55793154762,73.2137814176786%
1038.69598019599,3303.17854910714,73.3361714204628%
1038.85699947804,3302.30084821429,74.2517103762828%
1039.01799958452,3312.76824404762,74.9391204698467%
1039.17898051314,4076.823125,79.207920792079%
1039.33994226162,3168.20765625,68.5756240822321%
1039.50088482767,3211.89765625,64.5211930926217%
1039.661808209,2850.7725,66.0964230171072%
1039.82271240331,2869.20421875,72.4184782608695%
1039.98359740833,3236.47328125,85.7594936708861%
1040.14446322176,3236.47328125,85.7594936708861%
1040.30530984132,3236.47328125,85.7594936708861%
1040.46613726472,3236.47328125,85.7594936708861%
1040.62694548966,3236.47328125,85.7594936708861%
1040.78773451386,3236.47328125,85.7594936708861%

Peak Wavelengths
466.065226844426
552.967602817734
860.567010355021
913.566354796589
1039.98359740833

Wavelength, Light Calibration Value, Darkness Calibration Value
345.21991,1376.235,1458.15375
345.435498861008,1424.0209375,1419.925
345.651076862504,1443.81796875,1395.349375
345.866644002202,2992.765,2955.21890625
346.082200277813,2725.84640625,2718.3371875
346.297745687047,2581.12328125,2628.2265625
346.513280227618,3215.99359375,3224.868125
346.728803897236,2876.03078125,2816.6396875
346.944316693613,2655.5328125,2669.1859375
347.15981861446,3050.79078125,3165.47703125
347.37530965749,2677.76790178571,2673.70447172619
347.590789820413,2763.84760416667,2750.32450892857
347.806259100942,2843.68587797619,2827.33463541667
348.021717496787,2924.79194196429,2905.54753720238
348.237165005661,2919.8508110119,2899.14357142857
348.452601625276,2948.32732886905,2925.11701636905
348.668027353342,2991.36718005952,2964.06093005952
348.883442187571,2975.47104166667,2945.10909226191
349.098846125676,2979.46945684524,2949.14001488095
349.314239165367,3024.65479910714,2986.39354166667
349.529621304356,3019.68116071429,2972.67540178571
349.744992540355,3057.29226934524,3004.43517113095
349.960352871075,3077.99950892857,3021.72912946429
350.175702294228,3085.15114583333,3022.76936755952
350.391040807526,3089.92973958333,3026.28017113095
350.606368408679,3126.59813244048,3055.89444940476
350.821685095401,3162.09625744048,3084.56601190476
351.036990865402,3172.46613095238,3095.35848214286
351.252285716393,3187.25701636905,3107.19119047619
351.467569646088,3180.75552827381,3095.55352678571
351.682842652196,3160.40587053571,3074.81377976191
351.89810473243,3169.41043154762,3089.89723214286
352.113355884501,3176.65959077381,3097.04886904762
352.328596106122,3184.26633184524,3105.07820684524
352.543825395002,3168.46771577381,3090.41735119048
352.759043748855,3182.15334821429,3099.90952380952
352.974251165392,3168.17514880952,3082.45302827381
353.189447642324,3153.64432291667,3065.35411458333
353.404633177362,3174.61162202381,3082.25798363095
353.619807768219,3160.21082589286,3066.16680059524
353.834971412607,3123.18485119048,3037.13765625
354.050124108236,3121.42944940476,3032.81416666667
354.265265852818,3093.47305059524,3006.74319940476
354.480396644065,3075.07383928571,2987.59631696429
354.695516479689,3097.04886904762,3012.07441964286
354.9106253574,3101.37235863095,3013.99235863095
355.125723274911,3080.50258184524,2991.2696577381
355.340810229934,3072.34321428571,2982.94775297619
355.555886220179,3070.84787202381,2983.11029017857
355.770951243359,3075.56145089286,2989.12416666667
355.986005297185,3100.16958333333,3011.879375
356.201048379369,3106.47602678571,3023.54954613095
356.416080487621,3109.59674107143,3025.27244047619
356.631101619655,3100.46215029762,3017.340625
356.846111773181,3073.74103422619,2991.20464285714
357.061110945911,3082.55055059524,2995.56063988095
357.276099135557,3088.30436755952,3003.49245535714
357.49107633983,3115.70813988095,3034.24449404762
357.706042556441,3123.99753720238,3040.5509375
357.920997783104,3102.41259672619,3022.41178571429
358.135942017528,3133.65224702381,3052.51367559524
358.350875257425,3172.8562202381,3082.94063988095
358.565797500508,3169.89804315476,3082.09544642857
358.780708744488,3174.44908482143,3087.71923363095
358.995608987076,3211.63759672619,3116.55333333333
359.210498225985,3203.34819940476,3102.8026860119
359.425376458925,3190.99537202381,3088.43439732143
359.640243683608,3197.95196428571,3095.09842261905
359.855099897745,3191.90558035714,3089.18206845238
360.06994509905,3181.37316964286,3078.16204613095
360.284779285232,3164.85938988095,3067.88969494048
360.499602454003,3140.47880952381,3041.46114583333
360.714414603076,3171.88099702381,3067.62963541667
360.929215730162,3164.69685267857,3059.14519345238
361.144005832972,3152.86414434524,3047.99514136905
361.358784909218,3170.06058035714,3064.15133928571
361.573552956612,3161.2510639881,3056.86967261905
361.788309972865,3157.28515625,3048.84033482143
362.003055955688,3128.80863839286,3015.35767113095
362.217790902794,3120.64927083333,3009.2787797619
362.432514811894,3145.19238839286,3032.4890922619
362.647227680699,3140.12122767857,3020.75390625
362.861929506922,3103.2252827381,2981.45241071429
363.076620288273,3112.03479910714,2987.27124255952
363.291300022465,3123.18485119048,2987.46628720238
363.505968707208,3112.32736607143,2974.65835565476
363.720626340215,3104.59059523809,2963.47579613095
363.935272919197,3148.89823660714,2999.68908482143
364.149908441866,3144.47722470238,2989.44924107143
364.364532905934,3164.59933035714,2999.10395089286
364.579146309111,3192.13313244048,3012.56203125
364.79374864911,3208.51688244048,3014.25241815476
365.008339923641,3220.7721875,3020.8839360119
365.222920130418,3223.5028125,3006.64567708333
365.437489267151,3246.25802083333,3015.1626264881
365.652047331552,3270.73612351191,3022.76936755952
365.866594321332,3282.17874255952,3019.38859375
366.081130234203,3291.11828869048,3015.91029761905
366.295655067877,3308.9648735119,3017.40563988095
366.510168820066,3321.70779017857,3013.21218005952
366.72467148848,3318.68459821429,2992.14735863095
366.939163070832,3338.80670386905,2987.72634672619
367.153643564833,3353.69511160714,2983.27282738095
367.368112968194,3395.69472470238,3006.61316964286
367.582571278628,3415.26420386905,3001.0869047619
367.797018493846,3424.7563764881,2991.72476190476
368.011454611559,3421.31058779762,2971.31008928571
368.225879629479,3447.38155505952,2973.39056547619
368.440293545318,3445.69116815476,2953.88610119048
368.654696356787,3471.50207589286,2956.42168154762
368.869088061598,3482.52209821429,2949.23753720238
369.083468657462,3502.8392485119,2948.87995535714
369.297838142092,3543.37602678571,2967.73427083333
369.512196513198,3579.06919642857,2977.48650297619
369.726543768492,3584.10784970238,2965.45875
369.940879905687,3614.04720238095,2976.54378720238
370.155204922492,3630.43095238095,2976.83635416667
370.369518816621,3672.75563988095,2999.68908482143
370.583821585784,3712.18716517857,3023.84211309524
370.798113227694,3691.41491071429,2993.09007440476
371.012393740062,3739.10332589286,3027.45043898809
371.226663120598,3768.75011160714,3049.2954389881
371.440921367016,3752.85397321429,3029.7584672619
371.655168477027,3772.32593005952,3046.40227678571
371.869404448341,3770.21294642857,3037.17016369048
372.083629278672,3803.33802827381,3063.11110119048
372.29784296573,3821.08709077381,3079.72240327381
372.512045507227,3838.08848214286,3092.69287202381
372.726236900874,3848.29581845238,3102.67265625
372.940417144384,3851.61157738095,3108.52399553571
373.154586235468,3855.47996279762,3113.07503720238
373.368744171837,3859.93348214286,3114.92796130952
373.582890951202,3865.58977678571,3120.35670386905
373.797026571277,3841.14418154762,3093.53806547619
374.011151029772,3820.04685267857,3078.03201636905
374.225264324398,3827.62108630952,3083.07066964286
374.439366452868,3817.44625744048,3073.57849702381
374.653457412893,3803.43555059524,3060.12041666667
374.867537202184,3769.59530505952,3023.02942708333
375.081605818454,3773.49619791667,3023.3545014881
375.295663259413,3803.50056547619,3051.92854166667
375.509709522774,3773.82127232143,3025.56500744048
375.723744606248,3777.72216517857,3024.19969494048
375.937768507546,3793.97588541667,3034.30950892857
376.15178122438,3783.11840029762,3025.07739583333
376.365782754462,3772.94357142857,3018.54340029762
376.579773095504,3758.34773065476,3008.46609375
376.793752245216,3758.05516369048,3010.5140625
377.007720201311,3757.04743303571,3009.63636160714
377.2216769615,3760.46071428572,3012.52952380952
377.435622523495,3756.72235863095,3005.6054389881
377.649556885007,3757.86011904762,3011.42427083333
377.863480043748,3733.08944940476,2990.09938988095
378.07739199743,3718.36357886905,2983.01276785714
378.291292743764,3723.17468005952,2991.82228422619
378.505182280461,3728.73345238095,2999.52654761905
378.719060605234,3724.05238095238,3003.91505208333
378.932927715794,3709.39152529762,2988.96162946429
379.146783609852,3729.87121279762,3010.18898809524
379.36062828512,3723.62978422619,3011.94438988095
379.57446173931,3702.92254464286,2992.79750744048
379.788283970133,3707.24603422619,3002.22466517857
380.002094975302,3721.54930803571,3016.00781994048
380.215894752526,3736.50273065476,3031.15628720238
380.429683299519,3747.97785714286,3048.45024553571
380.643460613992,3736.53523809524,3031.70891369048
380.857226693655,3743.52433779762,3036.55252232143
381.070981536222,3748.85555803571,3035.2197172619
381.284725139403,3729.77369047619,3010.12397321429
381.49845750091,3733.18697172619,3005.37788690476
381.712178618455,3737.51046130952,3003.72000744048
381.925888489749,3739.0383110119,3000.956875
382.139587112504,3758.12017857143,3009.0187202381
382.353274484432,3782.20819196428,3028.39315476191
382.566950603243,3805.87360863095,3037.6902827381
382.780615466651,3905.80148065476,3131.66929315476
382.994269072365,3893.80623511905,3107.67880208333
383.207911418098,3896.66688988095,3099.77949404762
383.421542501562,3903.00584077381,3100.10456845238
383.635162320468,3912.59553571429,3102.1200297619
383.848770872527,3944.77790178571,3121.85204613095
384.062368155452,3964.41239583333,3131.31171130952
384.275954166954,3982.58405505952,3135.21260416667
384.489528904744,3982.51904017857,3124.68019345238
384.703092366534,3945.78563244048,3073.35094494048
384.916644550035,3950.69425595238,3054.62665922619
385.13018545296,3975.85501488095,3066.84945684524
385.34371507302,3992.04372023809,3063.66372767857
385.557233407926,4008.78505208333,3062.85104166667
385.77074045539,4050.55711309524,3087.94678571429
385.984236213123,4063.26752232143,3087.81675595238
386.197720678838,4078.7410639881,3085.31368303571
386.411193850246,4107.80271577381,3090.54738095238
386.624655725058,4130.8829985119,3094.31824404762
386.838106300986,4175.45069940476,3112.74996279762
387.051545575742,4187.21839285714,3108.03638392857
387.264973547037,4110.46832589286,3007.62090029762
387.478390212582,4151.98032738095,3030.79870535714
387.69179557009,4184.87785714286,3037.30019345238
387.905189617272,4214.68718005952,3038.27541666667
388.11857235184,4237.93,3034.73210565476
388.331943771505,4269.81979910714,3043.99672619048
388.545303873978,4303.95261160714,3049.91308035714
388.758652656972,4333.27432291667,3051.57095982143
388.971990118198,4357.75242559524,3046.04469494048
389.185316255368,4402.54767857143,3062.13587797619
389.398631066192,4419.90665178571,3056.60961309524
389.611934548384,4432.90962797619,3044.28929315476
389.825226699653,4464.50686011905,3050.43319940476
390.038507517713,4504.10092261905,3064.70396577381
390.251777000274,4524.02798363095,3053.55391369048
390.465035145049,4588.55525297619,3084.66353422619
390.678281949748,4617.68191964286,3083.20069940476
390.891517412083,4650.02682291667,3090.15729166667
391.104741529767,4683.24942708333,3093.50555803571
391.31795430051,4684.61473958333,3063.40366815476
391.531155722024,4721.15310267857,3063.98880208333
391.74434579202,4737.634375,3050.17313988095
391.957524508211,4776.61079613095,3053.42388392857
392.170691868309,4806.12755208333,3050.30316964286
392.383847870023,4838.76502232143,3050.72576636905
392.596992511067,4864.7384672619,3037.72279017857
392.810125789151,4903.61736607143,3039.57571428571
393.023247701988,4937.23005952381,3038.79553571429
393.236358247288,4949.09527529762,3011.45677827381
393.449457422764,4989.89211309524,3010.35152529762
393.662545226128,5051.55872767857,3031.28631696429
393.875621655089,5085.00888392857,3024.84984375
394.088686707362,5128.92643601191,3028.55569196429
394.301740380656,5193.19364583333,3046.85738095238
394.514782672683,5204.11614583333,3019.74617559524
394.727813581156,5236.5260639881,3007.6534077381
394.940833103785,5238.80158482143,2971.14755208333
395.153841238283,5279.43588541667,2969.61970238095
395.36683798236,5315.1615625,2958.59968005952
395.579823333729,5333.36572916667,2933.34139880952
395.792797290101,5369.96910714286,2926.51483630952
396.005759849188,5403.64681547619,2919.20066220238
396.218711008701,5478.41392857143,2945.95428571429
396.431650766351,5521.32375,2941.76082589286
396.644579119852,5563.71345238095,2934.96677083333
396.857496066913,5609.71148065476,2935.06429315476
397.070401605247,5642.73904017857,2928.17271577381
397.283295732565,5675.73409226191,2914.77965029762
397.496178446579,5725.17790922619,2916.37251488095
397.709049745,5780.76563244048,2929.31047619048
397.921909625541,5840.67684523809,2947.15706101191
398.134758085912,5880.04335565476,2943.67876488095
398.347595123825,5957.41106398809,2973.13050595238
398.560420736992,6027.33456845238,2987.75885416667
398.773234923125,6052.82040178571,2969.94477678571
398.986037679935,6102.58929315476,2971.76519345238
399.198829005133,6145.82418898809,2974.10572916667
399.411608896431,6209.66880208333,2988.44151041667
399.624377351542,6253.13125,2979.89205357143
399.837134368175,6297.50390625,2981.0298139881
400.049879944044,6462.12158482143,3091.52260416667
400.262614076859,6517.67680059524,3098.73925595238
400.475336764333,6557.33587797619,3090.80744047619
400.688048004176,6593.61418154762,3081.96541666667
400.900747794101,6638.57197172619,3075.88652529762
401.113436131818,6677.51588541667,3063.72874255952
401.32611301504,6742.85584077381,3068.96244047619
401.538778441479,6808.84594494048,3084.14341517857
401.751432408845,6860.56528273809,3086.28890625
401.964074914851,6919.07867559524,3087.29663690476
402.176705957207,6948.17283482143,3062.23340029762
402.389325533626,6967.70980654762,3030.34360119048
402.601933641819,7028.82379464286,3038.47046130952
402.814530279499,7059.64084821429,3020.42883184524
403.027115444375,7109.21469494048,3025.69503720238
403.23968913416,7175.78993303571,3037.56025297619
403.452251346566,7225.7863764881,3036.09741815476
403.664802079304,7288.36319940476,3044.15926339286
403.877341330086,7338.84725446428,3045.16699404762
404.089869096623,7388.22605654762,3042.40386160714
404.302385376627,7444.95154017857,3043.96421875
404.51489016781,7397.75073660714,2941.85834821429
404.727383467883,7444.88652529762,2932.04110119048
404.939865274557,7490.49446428571,2919.23316964286
405.152335585545,7538.31290922619,2913.41433779762
405.364794398558,7603.39280505952,2926.28728422619
405.577241711307,7666.52225446429,2943.97133184524
405.789677521504,7697.59936755952,2931.3259375
406.002101826862,7765.73496279762,2941.66330357143
406.21451462509,7830.74984375,2943.90631696429
406.426915913901,7867.32071428571,2943.90631696429
406.639305691007,7929.11735863095,2954.40622023809
406.851683954119,7991.04403273809,2966.85656994048
407.064050700949,8023.29141369047,2946.57192708333
407.276405929208,8071.89003720238,2943.97133184524
407.488749636608,8132.93901041667,2950.14774553571
407.70108182086,8170.09501488095,2938.47757440476
407.913402479676,8250.35588541667,2965.10116815476
408.125711610768,8313.12775297619,2973.32555059524
408.338009211848,8345.50516369048,2953.23595238095
408.550295280626,8393.3886235119,2954.08114583333
408.762569814815,8447.31846726191,2956.68174107143
408.974832812126,8450.79676339286,2923.97925595238
409.18708427027,8522.57319196429,2955.12138392857
409.39932418696,8581.47667410714,2976.34874255952
409.611552559907,8648.18194196429,2996.99096726191
409.823769386822,8695.64280505952,3005.44290178571
410.035974665417,8760.95025297619,3019.42110119048
410.248168393404,8825.67256696429,3045.94717261905
410.460350568494,8847.42004464286,3028.62070684524
410.672521188399,8873.62104166667,3017.40563988095
410.88468025083,8919.39151785714,3014.41495535714
411.096827753499,8984.89401041667,3036.78007440476
411.308963694118,9044.44764136905,3046.40227678571
411.521088070399,9098.67005208333,3062.85104166667
411.733200880052,9155.23299851191,3072.34321428571
411.945302120789,9192.25897321429,3077.414375
412.157391790323,9227.56205357143,3074.19613839286
412.369469886364,9230.97533482143,3048.25520089286
412.581536406624,9245.0835639881,3021.95668154762
412.793591348816,9300.41122767857,3032.55410714286
413.005634710649,9331.13075892857,3030.34360119048
413.217666489837,9384.54048363095,3045.58959077381
413.42968668409,9439.99817708333,3063.50119047619
413.641695291121,9474.13098958333,3052.18860119048
413.85369230864,9521.689375,3054.26907738095
414.06567773436,9544.41207589286,3041.16857886905
414.277651565991,9570.19047619048,3036.35747767857
414.489613801246,9589.46738839286,3023.74459077381
414.701564437837,9613.39286458333,3012.46450892857
414.913503473474,9666.31497767857,3023.61456101191
415.12543090587,9707.371875,3034.30950892857
415.337346732735,9726.94135416667,3015.87779017857
415.549250951782,9753.01232142857,3015.26014880952
415.761143560723,9773.84959077381,3006.32060267857
415.973024557268,9825.99152529762,3015.9753125
416.184893939129,9854.825625,3022.21674107143
416.396751704019,9871.82701636905,2998.81138392857
416.608597849648,9902.31899553572,2999.42902529762
416.820432373728,9935.96419642857,2998.68135416667
417.032255273971,9992.7221875,3027.41793154762
417.244066548088,10031.2760119048,3033.98443452381
417.455866193791,10090.1794940476,3058.46253720238
417.667654208792,10098.3388616071,3038.08037202381
417.879430590802,10136.1775223214,3041.07105654762
418.091195337533,10175.8691071429,3053.48889880952
418.302948446696,10196.1862574405,3045.23200892857
418.514689916002,10224.2401785714,3038.27541666667
418.726419743165,10259.1531696429,3037.36520833333
418.938137925894,10272.8062946429,3024.39473958333
419.149844461903,10305.37875,3021.33904017857
419.361539348901,10304.5660639881,3006.80821428571
419.573222584602,10326.2160193452,2994.32535714286
419.784894166716,10371.7589434524,3008.14101934524
419.996554092955,10389.2479464286,2995.04052083333
420.208202361031,10422.860639881,2997.57610119048
420.419838968655,10422.2429985119,2981.38739583333
420.631463913539,10452.5074255952,2972.61038690476
420.843077193395,10488.8507440476,2986.78363095238
421.054678805933,10538.8146800595,3001.31445684524
421.266268748867,10579.1564136905,3011.09919642857
421.477847019906,10616.9950744048,3020.72139880952
421.689413616764,10633.801421131,3015.29265625
421.900968537151,10646.9994419643,2987.88888392857
422.112511778779,10680.9697172619,2996.43834077381
422.32404333936,10727.5853869048,3010.74161458333
422.535563216605,10738.7679464286,2996.14577380952
422.747071408226,10782.8155282738,3020.13626488095
422.958567911934,10814.8028497024,3025.79255952381
423.170052725441,10828.358452381,3008.88869047619
423.38152584646,10859.760639881,3015.52020833333
423.5929872727,10893.9259598214,3022.34677083333
423.804437001874,10915.3483630952,3015.03259672619
424.015875031694,10963.7519419643,3035.47977678571
424.22730135987,11028.5067633929,3079.36482142857
424.438715984116,11065.922827381,3089.08454613095
424.650118902141,11095.829672619,3097.30892857143
424.861510111659,11144.6558482143,3123.41240327381
425.07288961038,11190.848921131,3136.31785714286
425.284257396016,11225.0792559524,3141.09645089286
425.495613466278,11234.47390625,3127.18326636905
425.706957818879,11268.4441815476,3132.64451636905
425.91829045153,11282.6824404762,3121.55947916667
426.129611361942,11303.1946354167,3123.31488095238
426.340920547827,11325.3647098214,3133.19714285714
426.552218006896,11339.1478645833,3120.09664434524
426.763503736862,11351.9232886905,3120.94183779762
426.974777735436,11387.8440104167,3133.71726190476
427.186040000329,11410.6967410714,3128.51607142857
427.397290529253,11440.2460044643,3142.46176339286
427.60852931992,11463.4238095238,3153.28674107143
427.81975637004,11521.9046949405,3175.5868452381
428.030971677327,11531.2018229167,3155.43223214286
428.242175239491,11573.4614955357,3175.81439732143
428.453367054244,11588.4149181548,3175.13174107143
428.664547119298,11561.3687276786,3134.72499255952
428.875715432364,11557.0452380952,3120.16165922619
429.086871991153,11591.8607068452,3143.0794047619
429.298016793378,11608.6995610119,3128.93866815476
429.50914983675,11607.2367261905,3122.04709077381
429.72027111898,11597.9070907738,3098.21913690476
429.931380637781,11633.14515625,3112.48990327381
430.142478390864,11664.0272247024,3127.34580357143
430.353564375939,11671.1138467262,3115.38306547619
430.56463859072,11696.7297098214,3119.15392857143
430.775701032917,11705.8643005952,3112.06730654762
430.986751700243,11733.1705505952,3119.25145089286
431.197790590408,11750.3994940476,3112.06730654762
431.408817701124,11754.1053422619,3104.10298363095
431.619833030104,11754.8530133929,3080.50258184524
431.830836575058,11756.5108928571,3065.84172619048
432.041828333698,11800.8185342262,3090.44985863095
432.252808303736,11773.0571800595,3059.63280505952
432.463776482883,11800.2659077381,3077.73944940476
432.674732868851,11813.6914806548,3067.8571875
432.885677459352,11833.5535267857,3073.15590029762
433.096610252096,11851.9527380952,3070.97790178571
433.307531244797,11888.1010119048,3077.90198660714
433.518440435165,11864.0129985119,3053.81397321429
433.729337820911,11862.3876264881,3046.27224702381
433.940223399749,11871.6847544643,3037.52774553571
434.151097169388,11874.5779166667,3028.10058779762
434.361959127541,11862.0300446429,3010.93665922619
434.572809271919,11867.231235119,2995.30058035714
434.783647600234,11862.1925818452,2993.77273065476
434.994474110198,11852.9279613095,2980.28214285714
435.205288799522,11864.565625,2985.54834821429
435.416091665917,11874.1228125,2987.1737202381
435.626882707096,11889.2712797619,2995.52813244048
435.837661920769,11888.8161755952,2986.75112351191
436.048429304649,11894.2449181548,2991.56222470238
436.259184856448,11914.2369940476,2998.97392113095
436.469928573875,11878.8038839286,2958.46965029762
436.680660454645,11925.5170758929,2988.96162946429
436.891380496466,11912.0589955357,2974.91841517857
437.102088697053,11903.1844642857,2965.29621279762
437.312785054115,11882.4447172619,2932.33366815476
437.523469565365,11896.715483631,2943.35369047619
437.734142228515,11916.6100372024,2968.05934523809
437.944803041275,11935.626889881,2963.24824404762
438.155452001357,11942.7785267857,2966.59651041667
438.366089106474,11912.4815922619,2954.50374255952
438.576714354336,11946.7769419643,2985.3858110119
438.787327742656,11938.3900223214,2969.84725446429
438.997929269144,11941.2831845238,2974.26826636905
439.208518931513,11949.7026116071,2982.13506696429
439.419096727474,11961.6978571429,2995.65816220238
439.629662654738,11963.7458258929,2999.94914434524
439.840216711018,11958.6746651786,2997.44607142857
440.050758894025,11929.1254017857,2969.87976190476
440.261289201469,11931.6934895833,2986.36103422619
440.471807631064,11936.992202381,2997.21851934524
440.682314180521,11925.0944791667,2992.04983630952
440.892808847551,11928.670297619,2998.84389136905
441.103291629865,11874.4153794643,2962.37054315476
441.313762525176,11879.0639434524,2960.42009672619
441.524221531195,11874.5454092262,2967.08412202381
441.734668645633,11906.272671131,3015.13011904762
441.945103866203,11892.8796056548,2999.78660714286
442.155527190615,11858.6817782738,2970.1073139881
442.365938616582,11860.6322247024,2981.97252976191
442.576338141815,11844.8011011905,2973.58561011905
442.786725764025,11856.4062574405,2981.90751488095
442.997101480925,11832.8058556548,2969.5546875
443.207465290225,11847.0766220238,2997.15350446429
443.417817189638,11823.3136830357,2985.64587053571
443.628157176875,11825.7842485119,2987.33625744048
443.838485249647,11815.9670014881,2978.33169642857
444.048801405666,11806.9624404762,2984.63813988095
444.259105642644,11790.091078869,2980.02208333333
444.469397958293,11777.9658035714,2992.37491071429
444.679678350323,11744.2230803571,2964.97113839286
444.889946816447,11720.52515625,2961.68788690476
445.100203354376,11709.4401190476,2969.06707589286
445.310447961822,11703.8163318452,2985.87342261905
445.520680636496,11703.2637053571,3000.89186011905
445.73090137611,11714.5762946429,3032.42407738095
445.941110178376,11733.430610119,3060.12041666667
446.151307041005,11674.3970982143,3022.96441220238
446.361491961708,11652.25953125,3024.0371577381
446.571664938198,11641.33703125,3034.99216517857
446.781825968186,11623.652983631,3034.99216517857
446.991975049383,11606.4890550595,3036.12992559524
447.202112179501,11602.5231473214,3056.18701636905
447.412237356252,11571.8036160714,3044.646875
447.622350577348,11531.6894345238,3025.82506696429
447.832451840499,11545.4725892857,3056.34955357143
448.042541143418,11515.9233258929,3056.34955357143
448.252618483815,11507.9915104167,3067.79217261905
448.462683859404,11498.9869494048,3068.89742559524
448.672737267895,11473.9562202381,3072.63578125
448.882778706999,11484.8137053571,3083.23320684524
449.092808174429,11501.5875446429,3106.70357886905
449.302825667897,11478.8323363095,3094.38325892857
449.512831185113,11453.8341145833,3081.41279017857
449.722824723789,11443.6592857143,3080.145
449.932806281637,11430.331235119,3076.30912202381
450.142775856368,11377.9292410714,3053.22883928571
450.352733445695,11359.7250744048,3044.02923363095
450.562679047328,11352.9960342262,3052.12358630952
450.77261265898,11332.4513318452,3057.45480654762
450.982534278361,11327.8027678571,3070.45778273809
451.192443903184,11296.4655952381,3053.71645089286
451.40234153116,11266.5262425595,3043.18404017857
451.61222716,11244.03109375,3034.27700148809
451.822100787417,11240.8778720238,3043.54162202381
452.031962411121,11250.240014881,3074.52121279762
452.241812028825,11189.3210714286,3043.96421875
452.45164963824,11181.8768675595,3034.99216517857
452.661475237078,11166.4683407738,3030.40861607143
452.87128882305,11169.1014434524,3044.80941220238
453.081090393868,11150.0845907738,3040.38840029762
453.290879947243,11133.3432589286,3051.76600446429
453.500657480887,11131.4903348214,3059.76283482143
453.710422992512,11121.4130282738,3066.13429315476
453.920176479828,11112.6685267857,3066.39435267857
454.129917940549,11117.8697172619,3076.99177827381
454.339647372385,11112.1159002976,3078.71467261905
454.549364773049,11125.7690252976,3099.90952380952
454.75907014025,11091.6037053571,3086.90654761905
454.968763471702,11096.6748660714,3087.1015922619
455.178444765116,11098.4627752976,3100.46215029762
455.388114018203,11122.9408779762,3111.6772172619
455.597771228675,11130.0275,3128.32102678571
455.807416394244,11153.9529761905,3159.75572172619
456.017049512621,11148.45921875,3153.22172619048
456.226670581517,11141.3725967262,3151.10874255952
456.436279598645,11121.835625,3132.67702380952
456.645876561716,11138.837016369,3152.96166666667
456.855461468442,11149.9870684524,3175.35929315476
457.065034316534,11132.4330505952,3167.16741815476
457.274595103703,11082.2090550595,3128.61359375
457.484143827662,11086.1424553571,3128.38604166667
457.693680486122,11054.7402678571,3091.0675
457.903205076794,11028.6367931548,3080.17750744048
458.11271759739,11052.9848660714,3103.42032738095
458.322218045623,11061.9569196429,3108.75154761905
458.531706419202,11029.5470014881,3074.35867559524
458.741182715841,11034.9757440476,3094.54579613095
458.95064693325,11005.10140625,3063.98880208333
459.160099069141,10997.3971428571,3064.96402529762
459.369539121226,10994.4389657738,3080.76264136905
459.578967087216,10990.9606696429,3074.03360119048
459.788382964823,10942.9796875,3035.96738839286
459.997786751759,10937.0958407738,3027.38542410714
460.207178445735,10913.4304241071,3006.5481547619
460.416558044462,10918.1114955357,3013.47223958333
460.625925545653,10935.0478720238,3025.82506696429
460.835280947018,10951.8867261905,3034.08195684524
461.044624246271,10929.9767113095,3006.35311011905
461.253955441121,10917.2988095238,2996.43834077381
461.463274529281,10920.7771056548,3001.28194940476
461.672581508462,10956.8603645833,3038.95807291667
461.881876376376,10991.6758333333,3059.63280505952
462.091159130735,11007.7995238095,3069.71011160714
462.30042976925,10998.9900074405,3051.86352678571
462.509688289632,10993.49625,3033.52933035714
462.718934689594,10997.6246949405,3038.6329985119
462.928168966846,11025.3210342262,3067.69465029762
463.137391119102,11009.3598809524,3042.85896577381
463.346601144071,11030.1646428571,3060.31546130952
463.555799039465,11055.0653422619,3069.02745535714
463.764984802997,11058.8036979167,3052.31863095238
463.974158432378,11071.8391815476,3048.54776785714
464.18331992532,11079.5434449405,3041.75371279762
464.392469279533,11117.2845833333,3061.81080357143
464.60160649273,11144.298266369,3061.25817708333
464.810731562622,11153.4328571429,3059.73032738095
465.019844486922,11156.5210639881,3053.71645089286
465.228945263339,11165.6556547619,3041.07105654762
465.438033889587,11182.4620014881,3037.46273065476
465.647110363376,11208.4029389881,3033.52933035714
465.856174682419,11225.9894642857,3038.89305803571
466.065226844426,11249.9149404762,3031.77392857143
466.27426684711,11258.2693526786,3024.45975446429
466.483294688181,11301.439233631,3055.6994047619
466.692310365353,11337.8150595238,3073.51348214286
466.901313876335,11359.9851339286,3077.73944940476
467.110305218841,11375.7512425595,3065.84172619048
467.319284390581,11375.5236904762,3046.07720238095
467.528251389266,11405.3005059524,3049.32794642857
467.73720621261,11439.9209300595,3058.00743303571
467.946148858323,11436.3451116071,3036.81258184524
468.155079324116,11452.3712797619,3026.02011160714
468.363997607702,11462.3185565476,3013.08215029762
468.572903706792,11467.0971502976,3010.87164434524
468.781797619097,11471.1605803571,2996.60087797619
468.99067934233,11478.7023065476,2990.09938988095
469.199548874201,11487.9019122024,2970.23734375
469.408406212423,11498.5318452381,2955.80404017857
469.617251354706,11544.1072767857,2975.04844494048
469.826084298764,11600.0850892857,3003.10236607143
470.034905042306,11620.109672619,3006.61316964286
470.243713583045,11662.9219717262,3017.92575892857
470.452509918693,11680.6385267857,3006.45063244048
470.661294046961,11706.5794642857,3009.11624255952
470.87006596556,11739.021889881,2992.60246279762
471.078825672202,11775.9503422619,2983.30533482143
471.287573164599,11821.7533258929,2993.48016369048
471.496308440462,11854.4558110119,2996.50335565476
471.705031497503,11889.2712797619,2997.99869791667
471.913742333434,11941.2181696429,2997.77114583333
472.122440945966,11981.0722916667,3000.11168154762
472.331127332811,12057.4972842262,3023.6145610119
472.53980149168,12097.6764806548,3037.85281994048
472.748463420285,12159.8632142857,3059.82784970238
472.957113116337,12240.9367708333,3086.90654761905
473.165750577549,12276.0122991071,3078.61715029762
473.374375801631,12339.694375,3095.2934672619
473.582988786296,12410.8856696429,3119.47900297619
473.791589529255,12493.5520907738,3150.49110119048
474.000178028219,12506.8476339286,3130.95412946429
474.2087542809,12525.9620089286,3100.85223958333
474.41731828501,12575.3408110119,3099.3894047619
474.62587003826,12632.0337872024,3095.09842261905
474.834409538362,12689.5394494048,3095.06591517857
475.042936783028,12735.7650297619,3097.60149553571
475.251451769968,12775.3265848214,3101.76244791667
475.459954496896,12824.4778348214,3116.29327380952
475.668444961521,12838.0334375,3085.21616071429
475.876923161557,12874.7668452381,3081.54281994048
476.085389094714,12949.7615104167,3095.65104910714
476.293842758704,12990.9809449405,3098.86928571429
476.502284151238,13019.4249553571,3070.26273809524
476.710713270029,13059.5391369048,3054.98424107143
476.919130112788,13129.0400446429,3068.01972470238
477.127534677227,13180.9869345238,3056.31704613095
477.335926961056,13231.7310491071,3060.41298363095
477.544306961988,13296.843452381,3061.35569940476
477.752674677734,13350.2206696429,3058.39752232143
477.961030106007,13378.0470386905,3030.8637202381
478.169373244516,13425.1178125,3024.06966517857
478.377704090975,13492.8958258929,3032.45658482143
478.586022643094,13569.4508482143,3056.8046577381
478.794328898586,13621.105171131,3061.81080357143
479.002622855161,13689.6308556548,3073.02587053571
479.210904510532,13762.7400892857,3100.7547172619
479.41917386241,13818.9129464286,3092.69287202381
479.627430908506,13878.6616220238,3087.58920386905
479.835675646533,13944.4241741071,3096.10615327381
480.043908074201,14019.71140625,3113.49763392857
480.252128189223,14076.6969494048,3106.99614583333
480.46033598931,14128.7738690476,3099.09683779762
480.668531472173,14211.1152157738,3113.92023065476
480.876714635525,14267.7106696429,3115.96819940476
481.084885477077,14315.2365476191,3121.13688244048
481.29304399454,14366.3057366071,3102.25005952381
481.501190185626,14415.4569866071,3098.08910714286
481.709324048046,14471.1097247024,3094.57830357143
481.917445579513,14514.9297544643,3093.99316964286
482.125554777737,14567.4617782738,3088.10932291667
482.333651640431,14626.5277976191,3097.63400297619
482.541736165306,14670.3153199405,3093.99316964286
482.749808350073,14708.576577381,3073.57849702381
482.957868192445,14770.0806547619,3074.03360119048
483.165915690132,14819.0693675595,3055.4393452381
483.373950840847,14832.3974181548,3029.92100446429
483.581973642301,14857.6556994048,3000.63180059524
483.789984092205,14879.8907886905,2980.05459077381
483.997982188272,14923.9708779762,2964.71107886905
484.205967928212,14985.7675223214,2963.99591517857
484.413941309737,15026.3368080357,2948.81494047619
484.62190233056,15111.7663616071,2979.30691964286
484.829850988391,15171.0274255952,2987.14121279762
485.037787280942,15210.1663839286,2981.54993303571
485.245711205925,15295.3358779762,3013.82982142857
485.453622761051,15381.2205357143,3032.29404761905
485.661521944033,15436.223125,3036.78007440476
485.86940875258,15511.380327381,3065.1265625
486.077283184406,15588.0653794643,3076.21159970238
486.285145237222,15634.7460639881,3068.50733630952
486.492994908739,15691.4065327381,3064.9965327381
486.700832196668,15752.1954464286,3070.32775297619
486.908657098723,15806.1252901786,3074.19613839286
487.116469612613,15892.2049925595,3109.33668154762
487.324269736051,15928.483296131,3096.95134672619
487.532057466749,16015.4732068452,3125.72043154762
487.739832802417,16065.9897693452,3111.70972470238
487.947595740768,16135.198110119,3117.07345238095
488.155346279513,16234.0207291667,3137.97573660714
488.363084416364,16277.5481919643,3129.1662202381
488.570810149032,16324.8790252976,3122.30715029762
488.778523475229,16375.7206622024,3126.37058035714
488.986224392666,16418.8905431548,3113.7251860119
489.193912899055,16461.8653794643,3107.64629464286
489.401588992108,16481.6299032738,3077.47938988095
489.609252669537,16511.1141517857,3051.14836309524
489.816903929052,16541.2810565476,3038.30792410714
490.024542768366,16576.876703869,3022.50930803571
490.23216918519,16626.8731473214,3017.56817708333
490.439783177235,16638.1857366071,2991.78977678571
490.647384742214,16688.832328869,2989.57927083333
490.854973877837,16713.3429389881,2985.28828869048
491.062550581817,16759.958608631,2974.98343005952
491.270114851865,16812.0030208333,2968.83952380952
491.477666685693,16843.7302827381,2954.17866815476
491.685206081012,16896.6198883929,2963.93090029762
491.892733035534,16906.5021502976,2935.06429315476
492.10024754697,16975.5154464286,2961.07024553571
492.307749613032,17036.1093154762,2975.11345982143
492.515239231432,17072.0300372024,2978.68927827381
492.722716399881,17142.6036904762,3012.78958333333
492.930181116091,17171.3077604167,3010.18898809524
493.137633377774,17245.3922172619,3024.39473958333
493.34507318264,17297.7942113095,3037.85281994048
493.552500528402,17344.6049255952,3033.56183779762
493.759915412771,17422.8828422619,3064.34638392857
493.967317833459,17491.3435119048,3086.25639880952
494.174707788178,17540.0721651786,3085.44371279762
494.382085274638,17619.8454241071,3120.42171875
494.589450290552,17654.2708035714,3120.64927083333
494.796802833631,17708.1356324405,3127.1182514881
495.004142901588,17758.0670610119,3132.61200892857
495.211470492132,17832.1190104167,3147.92301339286
495.418785602976,17877.2393377976,3151.66136904762
495.626088231832,17916.0207142857,3145.74501488095
495.833378376411,17945.2449032738,3134.8875297619
496.040656034425,17992.2506622024,3132.51448660714
496.247921203586,18035.8431398809,3135.24511160714
496.455173881604,18066.3676264881,3123.34738839286
496.662414066192,18076.9975595238,3096.72379464286
496.869641755061,18119.0296800595,3097.47146577381
497.076856945923,18175.4951041667,3106.8986235119
497.284059636489,18210.7331696429,3096.69128720238
497.491249824471,18235.6013616071,3093.57057291667
497.698427507581,18258.9091964286,3073.28593005952
497.90559268353,18278.0235714286,3062.16838541667
498.112745350029,18314.8545014881,3062.36343005952
498.319885504791,18316.0247693452,3035.67482142857
498.527013145527,18348.4671949405,3033.95192708333
498.734128269948,18371.1573883929,3025.36996279762
498.941230875767,18403.3397544643,3010.54656994048
499.148320960694,18473.6858556548,3049.2954389881
499.355398522442,18520.4965699405,3059.50277529762
499.562463558721,18539.0583184524,3051.50594494048
499.769516067244,18570.4605059524,3046.33726190476
499.976556045722,18605.2434672619,3048.09266369048
500.183583491867,18654.94734375,3054.95173363095
500.39059840339,18683.8139508929,3040.90851934524
500.597600778004,18734.3955282738,3048.97036458333
500.804590613418,18766.837953869,3049.49048363095
501.011567907346,18834.7459970238,3080.27502976191
501.218532657498,18873.3648363095,3087.58920386905
501.425484861587,18890.3012127976,3077.47938988095
501.632424517324,18923.1987425595,3067.01199404762
501.83935162242,18967.5713988095,3079.94995535714
502.046266174587,19022.0213616071,3093.24549851191
502.253168171537,19081.7375297619,3112.42488839286
502.460057610981,19108.5561681548,3116.52082589286
502.666934490631,19169.6376488095,3130.40150297619
502.873798808198,19221.1944494048,3147.82549107143
503.080650561395,19236.9605580357,3120.25918154762
503.287489747932,19264.4293452381,3108.13390625
503.494316365522,19277.6923809524,3083.81834077381
503.701130411875,19289.9801934524,3073.83855654762
503.907931884704,19331.7522544643,3068.08473958333
504.11472078172,19364.90984375,3084.85857886905
504.321497100634,19435.5485119048,3105.46829613095
504.528260839159,19457.6210639881,3090.44985863095
504.735011995006,19485.2198809524,3094.48078125
504.941750565886,19513.5013541667,3089.34460565476
505.148476549511,19577.5735193452,3112.16482886905
505.355189943593,19590.9340773809,3097.47146577381
505.561890745843,19631.0482589286,3078.84470238095
505.768578953973,19653.9009895833,3065.02904017857
505.975254565694,19720.4112127976,3094.70833333333
506.181917578718,19746.8072544643,3082.97314732143
506.388567990757,19761.3705877976,3056.99970238095
506.595205799522,19800.1194568452,3059.69781994048
506.801831002725,19831.5541517857,3051.27839285714
507.008443598077,19856.1622842262,3047.11744047619
507.215043583291,19895.5613020833,3037.23517857143
507.421630956077,19942.0794494048,3045.62209821429
507.628205714147,19983.7214806548,3049.00287202381
507.834767855213,20023.0879910714,3046.30475446429
508.041317376986,20067.1030654762,3041.1035639881
508.247854277179,20113.5887053571,3054.52913690476
508.454378553502,20166.9984300595,3066.36184523809
508.660890203667,20171.6469940476,3047.05242559524
508.867389225386,20226.6170758929,3065.77671130952
509.07387561637,20275.2156994048,3069.84014136905
509.280349374331,20323.7493080357,3083.46075892857
509.486810496981,20364.1235491071,3095.06591517857
509.693258982031,20386.0010565476,3076.69921130952
509.899694827193,20422.7344642857,3088.79197916667
510.106118030178,20466.9445833333,3091.26254464286
510.312528588698,20487.5543005952,3081.31526785714
510.518926500465,20518.2088169643,3072.18067708333
510.72531176319,20545.8726488095,3079.39732886905
510.931684374585,20588.4573958333,3072.47324404762
511.13804433236,20653.9923958333,3089.60466517857
511.344391634229,20784.6072916667,3176.9521577381
511.550726277903,20787.7930208333,3168.8903125
511.757048261092,20813.9290029762,3163.75413690476
511.96335758151,20873.6126636905,3177.0821875
512.169654236866,20893.4747098214,3165.47703125
512.375938224874,20945.6816592262,3179.6827827381
512.582209543244,20992.7849404762,3183.03104910714
512.788468189688,21040.7009077381,3177.8948735119
512.994714161918,21083.3506696429,3178.70755952381
513.200947457646,21109.4541443452,3173.7989360119
513.407168074582,21171.283296131,3200.8451264881
513.613376010439,21199.4347395833,3180.88555803571
513.819571262928,21222.7425744048,3153.22172619048
514.02575382976,21297.4121651786,3183.16107886905
514.231923708648,21326.928921131,3179.39021577381
514.438080897303,21359.7289285714,3170.3856547619
514.644225393436,21388.1404315476,3158.84551339286
514.850357194759,21422.7283482143,3150.71865327381
515.056476298984,21503.5093377976,3171.78347470238
515.262582703823,21528.4750520833,3187.93967261905
515.468676406986,21541.900625,3161.21855654762
515.674757406185,21478.5761309524,3056.18701636905
515.880825699133,21529.0601860119,3060.54301339286
516.086881283541,21593.6849776786,3083.26571428571
516.29292415712,21608.9634747024,3070.78285714286
516.498954317581,21664.6162127976,3075.78900297619
516.704971762637,21733.8245535714,3098.44668898809
516.910976489999,21754.20671875,3091.03499255952
517.116968497379,21778.1321949405,3064.37889136905
517.322947782488,21822.2447916667,3059.6653125
517.528914343038,21912.2904017857,3087.97929315476
517.73486817674,21939.0440252976,3064.28136904762
517.940809281307,22016.4442410714,3097.04886904762
518.146737654449,22088.3181919643,3112.81497767857
518.352653293878,22121.0856919643,3110.08435267857
518.558556197306,22162.5976934524,3105.11071428571
518.764446362445,22222.8664880952,3116.4558110119
518.970323787005,22290.8070386905,3121.9170610119
519.176188468699,22362.7785119048,3142.26671875
519.382040405239,22387.9067633929,3141.42152529762
519.587879594335,22430.5565252976,3114.99297619048
519.7937060337,22489.1349330357,3126.63063988095
519.999519721045,22558.7658705357,3157.28515625
520.205320654081,22630.0871949405,3175.22926339286
520.41110883052,22665.1952306548,3161.05601934524
520.616884248075,22705.4719494048,3161.64115327381
520.822646904455,22751.6975297619,3167.06989583333
521.028396797374,22780.4341071429,3153.15671130952
521.234133924543,22825.3268824405,3142.75433035714
521.439858283672,22918.9483110119,3200.2925
521.645569872474,22981.0700297619,3219.60191964286
521.851268688661,22989.6194866071,3187.15949404762
522.056954729944,23050.0183110119,3201.30023065476
522.262627994034,23056.5197991071,3179.09764880952
522.468288478643,23084.2161383929,3165.83461309524
522.673936181484,23144.3223958333,3162.51885416667
522.879571100266,23194.9364806548,3160.21082589286
523.085193232703,23219.9021949405,3146.39516369048
523.290802576505,23249.0938764881,3135.44015625
523.496399129384,23306.9896279762,3150.49110119048
523.701982889052,23359.4241294643,3143.33946428571
523.907553853221,23450.1198883929,3189.14244791667
524.113112019601,23502.9444791667,3191.12540178571
524.318657385905,23554.5662946429,3188.0046875
524.524189949844,23600.9869196429,3183.25860119048
524.72970970913,23650.9833630952,3177.24472470238
524.935216661474,23739.7286755952,3196.71668154762
525.140710804588,23768.3677306548,3182.02331845238
525.346192136184,23823.2077827381,3180.72302083333
525.551660653973,23915.561421131,3217.87902529762
525.757116355666,23939.6169270833,3193.43343005952
525.962559238976,23966.5005803571,3185.17654017857
526.167989301614,24017.1471726191,3193.3359077381
526.373406541291,24023.7461830357,3166.61479166667
526.578810955719,24065.4532291667,3154.61954613095
526.78420254261,24098.0581919643,3155.2371875
526.989581299676,24102.8042782738,3135.70021577381
527.194947224627,24155.6938839286,3143.89209077381
527.400300315176,24209.4936979167,3143.43698660714
527.605640569034,24253.0211607143,3142.42925595238
527.810967983912,24278.6370238095,3132.61200892857
528.016282557523,24336.630297619,3140.02370535714
528.221584287578,24327.885796131,3094.12319940476
528.426873171788,24385.0663839286,3106.47602678571
528.632149207866,24419.5892857143,3091.78266369048
528.837412393522,24451.5766071429,3081.93290922619
529.042662726468,24505.6689880952,3090.9374702381
529.247900204417,24571.2364955357,3121.16938988095
529.453124825078,24624.09359375,3114.99297619048
529.658336586165,24658.6164955357,3113.79020089286
529.863535485388,24647.0438467262,3068.37730654762
530.06872152046,24661.6396875,3044.7769047619
530.273894689092,24738.6498139881,3052.48116815476
530.479054988995,24760.9499181548,3039.64072916667
530.684202417881,24836.9848214286,3052.38364583333
530.889336973461,24873.3931547619,3044.61436755952
531.094458653448,24914.8076339286,3035.15470238095
531.299567455553,24993.5081473214,3060.99811755952
531.504663377487,25037.100625,3060.38047619048
531.709746416963,25096.6217485119,3076.43915178571
531.914816571691,25174.2170089286,3105.33826636905
532.119873839383,25215.3064136905,3087.84926339286
532.324918217751,25241.8649925595,3075.20386904762
532.529949704506,25305.9371577381,3072.76581101191
532.734968297361,25357.4614508929,3070.75034970238
532.939973994026,25408.6931770833,3079.07225446429
533.144966792213,25463.1756473214,3068.89742559524
533.349946689634,25521.8840848214,3082.42052083333
533.554913684001,25512.4894345238,3026.47521577381
533.759867773024,25561.2180877976,3036.29246279762
533.964808954416,25600.5520907738,3017.04805803571
534.169737225888,25677.9523065476,3036.48750744048
534.374652585152,25746.2504389881,3038.08037202381
534.57955502992,25750.6714508929,2999.39651785714
534.784444557903,25811.5903943452,2997.47857886905
534.989321166812,25848.161264881,2991.07461309524
535.194184854359,25943.668125,3011.52179315476
535.399035618256,26002.311547619,3010.83913690476
535.603873456214,26061.0524925595,3011.03418154762
535.808698365946,26115.4049330357,3011.13170386905
536.013510345162,26174.6009821429,3015.58522321429
536.218309391574,26235.7799851191,3019.06351934524
536.423095502894,26307.458891369,3028.16560267857
536.627868676833,26361.45375,3031.61139136905
536.832628911103,26423.7705133929,3044.19177083333
537.037376203416,26451.4343452381,3010.83913690476
537.242110551483,26500.650610119,3005.41039434524
537.446831953016,26562.1546875,3012.72456845238
537.651540405726,26618.5876041667,3016.88552083333
537.856235907325,26689.6813764881,3031.67640625
538.060918455524,26766.3664285714,3036.5850297619
538.265588048036,26828.9432514881,3052.57869047619
538.470244682572,26882.8405877976,3053.52140625
538.674888356842,26951.2362425595,3072.53825892857
538.87951906856,27010.5298139881,3078.61715029762
539.084136815436,27082.7288392857,3093.73311011905
539.288741595183,27124.8909895833,3077.9670014881
539.49333340551,27156.9758333333,3067.49960565476
539.697912244132,27213.1161830357,3072.89584077381
539.902478108758,27241.462671131,3039.25063988095
540.107030997101,27275.2704092262,3022.86688988095
540.311570906872,27335.3441592262,3010.41654017857
540.516097835782,27397.4008630952,3014.12238839286
540.720611781544,27436.572328869,2993.35013392857
540.925112741869,27485.8211011905,2981.2898735119
541.129600714468,27558.2476785714,2986.78363095238
541.334075697054,27619.3941741071,3004.46767857143
541.538537687337,27684.0189657738,3015.94280505952
541.742986683029,27760.3139285714,3032.03398809524
541.947422681843,27820.6477380952,3032.06649553571
542.151845681488,27863.2649925595,3022.02169642857
542.356255679678,27928.214858631,3034.69959821429
542.560652674124,27985.2654166667,3030.47363095238
542.765036662536,28040.7556175595,3035.44726934524
542.969407642628,28090.2644494048,3014.0573735119
543.17376561211,28141.3336383929,3017.99077380952
543.378110568694,28205.1457440476,3026.8978125
543.582442510092,28282.9360491071,3047.63755952381
543.786761434015,28335.5655952381,3041.75371279762
543.991067338175,28389.0078273809,3042.24132440476
544.195360220283,28446.1234002976,3048.97036458333
544.399640078052,28515.3642485119,3048.58027529762
544.603906909192,28543.6782291667,3040.38840029762
544.808160711415,28592.5044047619,3036.74756696429
545.012401482433,28684.4354464286,3073.38345238095
545.216629219958,28732.9040401786,3077.90198660714
545.4208439217,28766.6142559524,3079.5923735119
545.625045585373,28824.7375595238,3078.48712053571
545.829234208686,28845.0547098214,3055.30931547619
546.033409789352,28853.896733631,3023.93963541667
546.237572325083,28887.1843526786,3000.43675595238
546.44172181359,28950.3463095238,2999.75409970238
546.645858252584,29013.8983556548,2999.29899553571
546.849981639777,29055.5728943452,2985.58085565476
547.054091972882,29145.3259375,3002.84230654762
547.258189249608,29222.8561830357,3034.17947916667
547.462273467669,29302.5319196429,3044.02923363095
547.666344624775,29342.9061607143,3029.82348214286
547.870402718639,29413.1547395833,3036.68255208333
548.074447746971,29476.5442485119,3059.34023809524
548.278479707484,29537.4306845238,3065.02904017857
548.482498597888,29575.6594345238,3062.81853422619
548.686504415897,29654.9450818452,3085.86630952381
548.89049715922,29712.7758184524,3097.43895833333
549.09447682557,29753.1825669643,3090.44985863095
549.298443412659,29773.2071502976,3069.2225
549.502396918197,29847.1940848214,3083.55828125
549.706337339897,29902.0016294643,3075.43142113095
549.910264675471,29970.9824181548,3092.49782738095
550.114178922629,30048.4476488095,3117.43103422619
550.318080079083,30125.4902827381,3132.05938244048
550.521968142545,30192.6181473214,3149.45086309524
550.725843110727,30250.2863467262,3159.36563244048
550.92970498134,30280.8433407738,3151.98644345238
551.133553752096,30335.0332440476,3149.45086309524
551.337389420706,30356.5856770833,3119.05640625
551.541211984882,30385.7448511905,3106.93113095238
551.745021442336,30419.7476339286,3110.76700892857
551.948817790778,30477.7084002976,3120.64927083333
552.152601027922,30524.7466666667,3121.2344047619
552.356371151477,30580.7569866071,3112.58742559524
552.560128159157,30623.959375,3105.85838541667
552.763872048672,30688.0965550595,3102.5426264881
552.967602817734,30724.8624702381,3103.19277529762
553.171320464056,30806.1310714286,3114.92796130952
553.375024985347,30860.6460491071,3114.99297619048
553.57871637932,30899.7525,3102.64014880952
553.782394643687,30953.5848214286,3098.80427083333
553.986059776159,31000.720610119,3100.13707589286
554.189711774447,31038.6242857143,3100.42964285714
554.393350636264,31108.3852529762,3103.51784970238
554.596976359321,31175.5781324405,3122.20962797619
554.800588941329,31182.5022172619,3088.95451636905
555.00418838,31245.7616964286,3096.72379464286
555.207774673046,31291.9872767857,3091.58761904762
555.411347818178,31356.0594419643,3106.54104166667
555.614907813108,31410.8994940476,3124.06255208333
555.818454655548,31476.0444047619,3125.72043154762
556.021988343208,31531.9246949405,3119.99912202381
556.225508873802,31567.6178645833,3108.19892113095
556.429016245039,31603.57109375,3103.58286458333
556.632510454633,31649.6341369048,3112.84748511905
556.835991500294,31704.2466369048,3114.1477827381
557.039459379734,31763.1826264881,3129.06869791667
557.242914090664,31810.7735193452,3112.16482886905
557.446355630797,31837.2345758929,3093.01794642857
557.649783997844,31863.3705580357,3077.57691220238
557.853199189516,31919.6409375,3102.38008928571
558.056601203525,31957.18703125,3097.27642113095
558.259990037583,31992.6201413691,3087.62171130952
558.463365689401,32029.0609821429,3062.55847470238
558.66672815669,32042.0964657738,3044.71188988095
558.870077437164,32099.0495014881,3051.57095982143
559.073413528532,32178.2051190476,3086.71150297619
559.276736428507,32223.0328794643,3091.71764880952
559.4800461348,32251.3143526786,3080.2750297619
559.683342645123,32303.6513318452,3088.14183035714
559.886625957187,32323.155796131,3065.35411458333
560.089896068704,32351.0471800595,3056.34955357143
560.293152977386,32406.8624553571,3064.57393601191
560.496396680944,32474.4454241072,3081.77037202381
560.69962717709,32503.5070758929,3069.84014136905
560.902844463536,32556.7867708333,3061.55074404762
561.106048537992,32602.8173065476,3055.6994047619
561.309239398171,32630.0260342262,3047.14994791667
561.512417041784,32669.945171131,3038.04786458333
561.715581466543,32722.1521205357,3048.54776785714
561.918732670159,32786.3868229167,3066.39435267857
562.121870650344,32836.3832663691,3065.38662202381
562.32499540481,32912.223125,3087.52418898809
562.528106931268,32959.4889434524,3084.46848958333
562.73120522743,33019.9852901786,3108.0038764881
562.934290291007,33092.8994791667,3114.99297619048
563.137362119711,33087.3732142857,3081.77037202381
563.340420711253,33103.0743080357,3052.87125744048
563.543466063346,33148.8447842262,3052.61119791667
563.746498173701,33226.0499553571,3077.44688244048
563.949517040028,33269.0247916667,3087.88177083333
564.152522660041,33338.0055803571,3094.05818452381
564.355515031451,33362.2561309524,3092.92042410714
564.558494151968,33389.5298735119,3079.68989583333
564.761460019305,33411.1148139881,3050.56322916667
564.964412631174,33462.4440625,3044.35430803571
565.167351985285,33511.3027455357,3056.60961309524
565.370278079351,33527.5564657738,3032.09900297619
565.573190911083,33582.1364583333,3031.74142113095
565.776090478193,33619.2274479167,3047.2474702381
565.978976778392,33655.6682886905,3040.84350446429
566.181849809392,33686.3553125,3035.02467261905
566.384709568905,33734.5313392857,3036.71505952381
566.587556054641,33747.6968526786,3015.06510416667
566.790389264314,33775.2956696429,3016.43041666667
566.993209195633,33803.1870535714,3007.26331845238
567.196015846312,33827.8602008929,3003.26490327381
567.398809214061,33912.8346502976,3030.11604910714
567.601589296592,33967.1870907738,3054.59415178571
567.804356091617,33991.2100892857,3034.43953869048
568.007109596847,33995.1759970238,3004.66272321429
568.209849809994,34049.6909747024,3007.42585565476
568.412576728769,34071.8610491071,3007.29582589286
568.615290350885,34116.5912872024,2990.35944940476
568.817990674052,34183.9141964286,3003.49245535714
569.020677695982,34220.4200520833,3010.96916666667
569.223351414388,34264.1425595238,3022.41178571429
569.426011826979,34279.5185788691,2998.94141369048
569.628658931469,34369.1415922619,3046.85738095238
569.831292725569,34405.7124627976,3047.47502232143
570.03391320699,34463.1856175595,3054.04152529762
570.236520373443,34497.3834449405,3054.62665922619
570.439114222641,34541.7561011905,3046.95490327381
570.641694752295,34575.17375,3029.59593005952
570.844261960117,34586.3888169643,3014.31743303571
571.046815843818,34667.6899255952,3029.69345238095
571.24935640111,34707.9666443452,3023.71208333333
571.451883629704,34759.9135342262,3028.03557291667
571.654397527312,34757.0528794643,2997.18601190476
571.856898091646,34794.4689434524,2982.16757440476
572.059385320417,34866.0503273809,3002.25717261905
572.261859211337,34919.4600520833,3015.13011904762
572.464319762118,34938.6394419643,2995.10553571429
572.66676697047,34962.7599627976,2989.9043452381
572.869200834106,35014.9994196429,2996.50335565476
573.071621350737,35047.571875,2993.83774553571
573.274028518075,35099.8113318452,3000.59929315476
573.476422333831,35147.7923139881,2995.39810267857
573.678802795718,35204.7128422619,3002.80979910714
573.881169901446,35216.122953869,2988.24646577381
574.083523648727,35264.4290104167,2993.38264136905
574.285864035273,35309.2242633929,2996.7309077381
574.488191058795,35360.5860193452,3001.02188988095
574.690504717005,35417.636577381,3016.00781994048
574.892805007615,35443.5450074405,3004.95529017857
575.095091928336,35551.3721875,3044.15926339286
575.29736547688,35590.4786383929,3061.09563988095
575.499625650958,35633.8435639881,3067.75966517857
575.701872448282,35679.5815327381,3071.953125
575.904105866564,35743.8487425595,3086.25639880952
576.106325903515,35778.4691666667,3085.93132440476
576.308532556847,35786.6285342262,3063.69623511905
576.51072582427,35833.4067410714,3064.15133928571
576.712905703498,35886.4588839286,3068.08473958333
576.915072192242,35928.5885267857,3058.10495535714
577.117225288213,35964.4117261905,3066.68691964286
577.319364989122,36013.8230357143,3085.08613095238
577.521491292682,36074.7419791667,3097.04886904762
577.723604196603,36113.945952381,3103.29029761905
577.925703698598,36161.2442782738,3112.84748511905
578.127789796379,36184.8771875,3106.89862351191
578.329862487656,36244.8209077381,3106.54104166667
578.531921770141,36254.8982142857,3096.00863095238
578.733967641546,36328.5275669643,3126.79317708333
578.936000099583,36330.4780133929,3104.49307291667
579.138019141963,36419.0607886905,3138.95095982143
579.340024766397,36415.7775372024,3118.14619791667
579.542016970598,36470.7801264881,3102.57513392857
579.743995752277,36499.5492113095,3093.11546875
579.945961109145,36544.1819270833,3108.29644345238
580.147913038915,36570.7730133929,3092.88791666667
580.349851539297,36613.3577604167,3088.23935267857
580.551776608003,36662.7690699405,3102.38008928571
580.753688242746,36677.4299255952,3092.92042410714
580.955586441235,36718.1942559524,3084.1109077381
581.157471201184,36797.4473958333,3116.35828869048
581.359342520303,36834.3108333333,3110.44193452381
581.561200396305,36859.1465178572,3085.31368303571
581.763044826901,36869.7114360119,3068.21476934524
581.964875809802,36907.3550520833,3069.05996279762
582.16669334272,36939.5699255952,3074.71625744048
582.368497423367,37014.0119642857,3082.55055059524
582.570288049454,37049.0224776786,3099.29188244048
582.772065218693,37095.2480580357,3077.64192708333
582.973828928795,37103.667485119,3047.73508184524
583.175579177473,37186.8540252976,3079.39732886905
583.377315962437,37179.9624479167,3043.80168154762
583.5790392814,37241.9216294643,3040.87601190476
583.780749132072,37254.3719791667,3032.68413690476
583.982445512165,37307.3591071429,3035.99989583333
584.184128419392,37348.7410788691,3020.98145833333
584.385797851463,37388.5952008929,3029.59593005952
584.587453806091,37451.8221726191,3045.68711309524
584.789096280986,37472.9195014881,3028.55569196429
584.990725273861,37560.3970238095,3058.36501488095
585.192340782427,37588.1908854167,3055.99197172619
585.393942804395,37629.6053645833,3044.06174107143
585.595531337478,37701.1542410714,3064.60644345238
585.797106379386,37748.3875520833,3082.81061011905
585.998667927832,37810.1191815476,3093.21299107143
586.200215980527,37860.0831175595,3088.40188988095
586.401750535182,37900.8799553571,3083.36323660714
586.60327158951,37963.3267485119,3100.59218005952
586.804779141221,37998.2722470238,3094.51328869048
587.006273188028,38063.5796949405,3121.39694196429
587.207753727642,38087.6026934524,3106.54104166667
587.409220757774,38092.1212276786,3071.33548363095
587.610674276137,38141.9551339286,3077.25183779762
587.812114280441,38166.563266369,3069.2225
588.013540768399,38213.6990550595,3069.3525297619
588.214953737721,38267.8889583333,3061.030625
588.416353186121,38292.3995684524,3050.98582589286
588.617739111308,38360.2425967262,3063.43617559524
588.819111510995,38401.1369568452,3052.12358630952
589.020470382894,38454.5791889881,3057.84489583333
589.221815724715,38491.9952529762,3050.04311011905
589.423147534171,38532.467016369,3053.55391369048
589.624465808973,38585.2916071429,3059.95787946429
589.825770546834,38630.5419642857,3063.69623511905
590.027061745463,38670.7536681548,3052.05857142857
590.228339402573,38711.1929241071,3037.46273065476
590.429603515876,38788.4631101191,3049.45797619048
590.630854083083,38803.0264434524,3028.06808035714
590.832091101905,38832.4131696429,3015.81277529762
591.033314570055,38883.7424181548,3010.22149553571
591.234524485244,38914.7220089286,2996.0482514881
591.435720845183,38963.6457068452,3002.25717261905
591.636903647585,38999.3713839286,2997.77114583333
591.83807289016,39044.8818005952,3000.24171130952
592.039228570621,39107.6536681548,3002.90732142857
592.240370686678,39162.7212723214,3002.35469494048
592.441499236044,39197.1141443452,3012.39949404762
592.64261421643,39245.3551860119,3013.95985119048
592.843715625548,39298.0822544643,3010.02645089286
593.044803461109,39344.9904910714,3010.18898809524
593.245877720825,39383.3167633928,3010.44904761905
593.446938402407,39425.2188541667,3007.55588541667
593.647985503568,39485.1300669643,3009.34379464286
593.849019022018,39496.2151041667,3005.15033482143
594.05003895547,39537.5645684524,2995.04052083333
594.251045301634,39556.9715104167,2988.40900297619
594.452038058223,39601.5392113095,3005.47540922619
594.653017222948,39650.1378348214,3025.46748511905
594.85398279352,39719.2811607143,3037.43022321429
595.054934767652,39753.8365699405,3025.79255952381
595.255873143055,39790.9275595238,3020.49384672619
595.45679791744,39821.3545238095,3007.7834375
595.657709088519,39865.824702381,3024.49226190476
595.858606654004,39895.2764434524,3015.61773065476
596.059490611606,39964.0621875,3031.48136160714
596.260360959037,39950.0514806548,3020.42883184524
596.461217694009,39984.1842931548,3027.32040922619
596.662060814232,40004.9890550595,3010.3840327381
596.862890317419,40056.7409002976,3009.0187202381
597.063706201281,40062.8848065476,2997.51108630952
597.264508463531,40074.5224702381,2992.92753720238
597.465297101878,40126.1442857143,2989.9043452381
597.666072114036,40133.2959226191,2965.71880952381
597.866833497715,40155.0759077381,2975.50354910714
598.067581250628,40223.7316220238,2981.74497767857
598.268315370485,40234.8816741071,2972.57787946429
598.469035854999,40304.1225223214,2975.8286235119
598.66974270188,40323.8545386905,2966.79155505952
598.870435908842,40322.0016145833,2941.27321428571
599.071115473594,40367.6095535714,2954.37371279762
599.271781393849,40402.4250223214,2950.18025297619
599.472433667319,40421.1493080357,2963.08570684524
599.673072291715,40486.4242485119,2989.44924107143
599.873697264748,40520.8821354167,2982.03754464286
600.07430858413,40607.9370610119,3012.52952380952
600.274906247574,40633.4228943452,3009.63636160714
600.475490252789,40723.9561160714,3018.1533110119
600.676060597489,40744.9884300595,3017.11307291667
600.876617279384,40791.0839806548,3030.31109375
601.077160296186,40786.5004315476,3015.68274553571
601.277689645608,40812.2463244048,3006.02803571429
601.478205325359,40892.7997619048,3016.88552083333
601.678707333153,40913.6695386905,3020.46133928571
601.8791956667,40982.0001785714,3035.41476190476
602.079670323712,40995.8483482143,3020.98145833333
602.280131301901,41010.0215922619,3015.65023809524
602.480578598978,41043.9268526786,3016.1053422619
602.681012212655,41053.1589657738,2991.20464285714
602.881432140644,41081.7330059524,2979.17688988095
603.081838380656,41123.0174553571,2993.15508928571
603.282230930403,41132.8997172619,2995.33308779762
603.482609787596,41148.8608705357,2991.91980654762
603.682974949946,41187.9673214286,2979.24190476191
603.883326415167,41178.0850595238,2955.93406994048
604.083664180968,41206.6916071429,2941.72831845238
604.283988245063,41223.3354166667,2944.06885416667
604.484298605161,41252.7546502976,2932.30116071429
604.684595258976,41273.6894419643,2950.01771577381
604.884878204218,41326.1889583333,2952.55329613095
605.085147438599,41365.0028422619,2950.4403125
605.285402959831,41423.4187127976,2983.11029017857
605.485644765625,41467.5313095238,3001.60702380952
605.685872853693,41480.4367633929,3000.72932291667
605.886087221747,41502.151733631,2989.28670386905
606.086287867497,41522.3388541667,2996.24329613095
606.286474788657,41547.3695833333,2985.8084077381
606.486647982936,41573.147983631,2975.66608630952
606.686807448048,41606.0455133929,2982.78521577381
606.886953181703,41634.3594940476,3012.39949404762
607.087085181613,41700.2195684524,3041.62368303571
607.287203445489,41716.1482142857,3019.06351934524
607.487307971045,41791.6955059524,3034.24449404762
607.687398755989,41888.7952306548,3091.36006696429
607.887475798036,41913.04578125,3081.6403422619
608.087539094895,41936.2235863095,3082.90813244048
608.287588644279,41975.4600669643,3102.02250744048
608.4876244439,41978.6783035714,3077.15431547619
608.687646491468,41987.4553125,3074.58622767857
608.887654784695,41989.7308333333,3052.83875
609.087649321294,41974.9724553571,3022.15172619048
609.287630098975,42010.3730580357,3042.76144345238
609.487597115451,42059.3617708333,3040.29087797619
609.687550368432,42073.6325372024,3034.17947916667
609.887489855631,42100.0610863095,3043.93171130952
610.087415574759,42150.9027232143,3068.44232142857
610.287327523527,42182.1423735119,3072.31070684524
610.487225699648,42212.731875,3084.98860863095
610.687110100833,42244.5891666667,3083.55828125
610.886980724793,42259.7051264881,3062.00584821429
611.08683756924,42307.7186160714,3071.75808035714
611.286680631885,42288.3441815476,3057.19474702381
611.486509910441,42337.0078199405,3106.21596726191
611.686325402619,42336.1626264881,3070.68533482143
611.886127106129,42299.2016666667,3035.93488095238
612.085915018686,42351.9612425595,3071.4004985119
612.285689137998,42422.4698809524,3107.12617559524
612.485449461779,42437.8133928571,3090.67741071429
612.68519598774,42461.90140625,3101.37235863095
612.884928713592,42511.1176711309,3114.2778125
613.084647637046,42543.202514881,3110.86453125
613.284352755816,42603.958921131,3150.81617559524
613.484044067612,42616.5393005952,3129.32875744048
613.683721570145,42630.1599181548,3112.45739583333
613.883385261128,42662.3422842262,3112.29485863095
614.083035138272,42688.9983854167,3100.26710565476
614.282671199288,42669.42890625,3092.10773809524
614.482293441889,42661.6596279762,3071.92061755952
614.681901863785,42689.7785639881,3064.70396577381
614.881496462689,42707.4626116071,3061.09563988095
615.081077236311,42736.2316964286,3069.12497767857
615.280644182365,42763.5379464286,3068.73488839286
615.48019729856,42827.4800818452,3074.26115327381
615.679736582609,42809.8610491071,3019.55113095238
615.879262032223,42827.4475744048,3033.78938988095
616.078773645115,42847.7322172619,3008.46609375
616.278271418995,42843.9613541667,2983.46787202381
616.477755351575,42855.5340029762,2968.12436011905
616.677225440567,42869.9347991071,2961.55785714286
616.876681683682,42897.4035863095,2959.15230654762
617.076124078632,42927.6029985119,2969.35964285714
617.275552623128,42960.858110119,2988.24646577381
617.474967314883,42937.1926934524,2959.8674702381
617.674368151607,42960.4030059524,2969.29462797619
617.873755131013,42957.1847693452,2970.75746279762
618.073128250811,42993.8531622024,2981.06232142857
618.272487508714,43003.2803199405,2999.81911458333
618.471832902434,43077.0397023809,3005.73546875
618.67116442968,43111.3025446429,3021.4365625
618.870482088167,43149.5312946429,3037.59276041667
619.069785875604,43152.1643973214,3035.05718005952
619.269075789703,43142.9647916667,3039.54320684524
619.468351828177,43172.1564732143,3048.25520089286
619.667613988736,43147.0282217262,3030.53864583333
619.866862269093,43183.4690625,3053.84648065476
620.066096666958,43195.4968154762,3041.88374255952
620.265317180044,43214.87125,3050.33567708333
620.464523806062,43230.1172395833,3054.49662946429
620.663716542724,43254.4653125,3066.88196428571
620.86289538774,43260.2516369048,3073.57849702381
621.062060338824,43294.059375,3069.77512648809
621.261211393686,43273.8072395833,3050.108125
621.460348550039,43273.8397470238,3032.42407738095
621.659471805593,43319.4476860119,3027.12536458333
621.85858115806,43332.7432291667,3026.50772321429
622.057676605152,43354.2956622024,3017.30811755952
622.25675814458,43350.5898139881,3004.89027529762
622.455825774057,43398.0831845238,2992.765
622.654879491293,43376.043139881,2977.58402529762
622.853919294,43392.0368005952,2981.61494791667
623.052945179891,43413.4917113095,2973.91068452381
623.251957146675,43441.3180803571,2982.13506696429
623.450955192066,43501.6193824405,2980.67223214286
623.649939313774,43515.7276116071,2965.36122767857
623.848909509512,43535.102046131,2965.10116815476
624.04786577699,43547.4873809524,2953.75607142857
624.246808113921,43579.6697470238,2974.82089285714
624.445736518015,43620.1740178571,2995.91822172619
624.644650986986,43617.8659895833,2979.63199404762
624.843551518543,43643.0917633929,2973.42307291667
625.0424381104,43699.8497544643,3008.72615327381
625.241310760266,43717.1762202381,3018.05578869048
625.440169465855,43761.5163690476,3038.66550595238
625.639014224877,43799.7776264881,3046.85738095238
625.837845035045,43804.9788169643,3061.48572916667
626.036661894069,43821.9151934524,3046.46729166667
626.235464799662,43815.543735119,3050.43319940476
626.434253749534,43848.8963690476,3067.27205357143
626.633028741398,43855.0077678571,3082.875625
626.831789772966,43884.2644642857,3088.43439732143
627.030536841948,43945.1834077381,3110.0518452381
627.229269946056,43925.8089732143,3091.16502232143
627.427989083003,43965.1429761905,3110.79951636905
627.626694250499,43970.3116592262,3110.7345014881
627.825385446256,43940.9899479167,3096.72379464286
628.024062667986,43974.8627008929,3098.83677827381
628.2227259134,43995.6674627976,3092.9854389881
628.42137518021,43999.7959077381,3089.79970982143
628.620010466128,43974.7001636905,3051.21337797619
628.818631768865,44047.5818452381,3092.04272321429
629.017239086133,44029.8977976191,3063.43617559524
629.215832415643,44047.0942336309,3058.07244791667
629.414411755106,44042.4456696429,3045.00445684524
629.612977102236,44050.7350669643,3034.50455357143
629.811528454742,44032.7259449405,3025.6625297619
630.010065810338,44067.8989955357,3043.8341889881
630.208589166733,44083.3400297619,3057.25976190476
630.407098521641,44162.4306324405,3094.25322916667
630.605593872772,44145.6893005952,3072.76581101191
630.804075217838,44130.0532217262,3047.21496279762
631.00254255455,44140.0004985119,3053.61892857143
631.200995880621,44114.2220982143,3016.46292410714
631.399435193763,44137.5299330357,3028.19811011905
631.597860491685,44144.584047619,3021.82665178571
631.796271772101,44143.9989136905,3013.66728422619
631.994669032721,44182.5202306548,3021.11148809524
632.193052271257,44179.6920833333,3038.53547619048
632.391421485422,44188.5015997024,3038.47046130952
632.589776672926,44193.6702827381,3025.92258928571
632.788117831481,44228.2581994048,3045.8821577381
632.986444958798,44193.1826711309,3023.54954613095
633.18475805259,44209.8914955357,3041.33111607143
633.383057110568,44189.9644345238,3017.76322172619
633.581342130443,44243.63421875,3051.14836309524
633.779613109928,44221.3991294643,3026.63775297619
633.977870046733,44286.0564285714,3055.66689732143
634.17611293857,44294.4433482143,3039.3156547619
634.374341783151,44320.09171875,3039.38066964286
634.572556578188,44316.0933035714,3029.04330357143
634.770757321391,44359.9783482143,3037.91783482143
634.968944010473,44356.8251264881,3026.7677827381
635.167116643146,44385.2366294643,3030.63616815476
635.36527521712,44389.0074925595,3024.7198139881
635.563419730108,44420.3446651786,3035.18720982143
635.76155017982,44424.1805431548,3028.00306547619
635.95966656397,44477.10265625,3053.48889880952
636.157768880267,44512.1131696429,3057.35728422619
636.355857126425,44542.0525223214,3050.59573660714
636.553931300154,44564.2225967262,3056.41456845238
636.751991399166,44576.8029761905,3054.98424107143
636.950037421172,44585.0273586309,3060.31546130952
637.148069363885,44611.2933705357,3061.19316220238
637.346087225015,44635.8039806548,3057.45480654762
637.544091002275,44652.480297619,3047.83260416667
637.742080693376,44621.3056622024,3019.77868303571
637.940056296029,44634.4061607143,3023.61456101191
638.138017807947,44630.2127008929,3004.66272321429
638.33596522684,44633.4309375,2994.39037202381
638.533898550421,44617.2747395833,2983.33784226191
638.731817776401,44622.0858407738,2964.97113839286
638.929722902491,44624.2963467262,2975.76360863095
639.127613926404,44657.6164732143,2977.12892113095
639.32549084585,44638.957202381,2953.0409077381
639.523353658542,44685.3128125,2977.68154761905
639.721202362191,44703.061875,2981.64745535714
639.919036954508,44691.3591964286,2973.74814732143
640.116857433205,44703.2244122024,2976.70632440476
640.314663795995,44680.7292633929,2972.02525297619
640.512456040587,44721.2010267857,2987.1737202381
640.710234164694,44725.9471130952,2986.94616815476
640.907998166028,44740.1203571429,2979.43694940476
641.105748042301,44763.7207589286,2982.68769345238
641.303483791222,44759.2347321429,2960.35508184524
641.501205410505,44790.8319642857,2974.13823660714
641.698912897862,44825.874985119,3008.88869047619
641.896606251002,44865.1114657738,3026.02011160714
642.094285467639,44900.0894717262,3027.80802083333
642.291950545484,44943.5194122024,3056.34955357143
642.489601482248,44982.4958333333,3071.56303571429
642.687238275643,45008.9893973214,3086.32141369048
642.88486092338,45011.3299330357,3080.63261160714
643.082469423171,45048.8110119048,3074.22864583333
643.280063772728,45095.2316369048,3111.12459077381
643.477643969763,45132.8102380952,3135.14758928571
643.675210011986,45103.0009151786,3118.14619791667
643.87276189711,45137.6863541667,3114.44034970238
644.070299622846,45183.651875,3130.43401041667
644.267823186906,45184.7896354167,3114.89545386905
644.465332587,45198.2802232143,3100.81973214286
644.662827820842,45175.7200595238,3075.26888392857
644.860308886143,45188.7555431548,3078.58464285714
645.057775780613,45209.1702157738,3095.84609375
645.255228501965,45184.399546131,3079.98246279762
645.45266704791,45207.1872619048,3076.50416666667
645.650091416161,45211.0231398809,3074.78127232143
645.847501604427,45229.8449479167,3043.44409970238
646.044897610422,45214.4689285714,3035.6423139881
646.242279431856,45264.9204761905,3058.3
646.439647066442,45241.2225520833,3033.00921130952
646.637000511891,45233.1932142857,3032.61912202381
646.834339765914,45295.4449627976,3050.30316964286
647.031664826223,45351.520297619,3083.4282514881
647.228975690529,45352.0729241071,3089.08454613095
647.426272356545,45332.9585491071,3068.57235119048
647.623554821982,45355.2261458333,3068.4098139881
647.820823084551,45399.9238764881,3060.64053571429
648.018077141964,45371.8699553571,3051.4734375
648.215316991933,45387.7986011905,3029.95351190476
648.412542632169,45375.4457738095,3022.41178571429
648.609754060384,45411.9516294643,3028.23061755952
648.80695127429,45424.8895907738,3032.39156994048
649.004134271597,45437.8925669643,3020.78641369048
649.201303050018,45437.1448958333,2999.00642857143
649.398457607264,45501.2495684524,3019.16104166667
649.595597941047,45527.4830729167,3037.13765625
649.792724049079,45558.9177678571,3035.18720982143
649.98983592907,45548.6454166667,3048.06015625
650.186933578733,45620.0642633929,3071.1404389881
650.384016995779,45596.4638616071,3080.6976264881
650.58108617792,45635.505297619,3077.414375
650.778141122868,45634.6275967262,3074.61873511905
650.975181828333,45608.3940922619,3037.85281994048
651.172208292028,45590.0598958333,3014.57749255952
651.369220511664,45599.324516369,3007.00325892857
651.566218484953,45606.4436458333,3013.01713541667
651.763202209607,45613.3352232143,2994.58541666667
651.960171683336,45591.0676264881,2986.29601934524
652.157126903853,45626.4032142857,3000.72932291667
652.354067868869,45644.5748735119,3007.19830357143
652.550994576095,45684.8515922619,3012.6920610119
652.747907023245,45709.2646800595,3029.72595982143
652.944805208028,45756.4654836309,3052.67621279762
653.141689128157,45778.6030505952,3071.66055803571
653.338558781342,45803.8288244048,3088.01180059524
653.535414165297,45801.2607366071,3067.7271577381
653.732255277732,45799.7003794643,3053.81397321429
653.929082116359,45780.0333779762,3043.73666666667
654.125894678889,45820.9927529762,3051.27839285714
654.322692963035,45801.9433928571,3028.68572172619
654.519476966507,45807.9897767857,2999.33150297619
654.716246687017,45763.3895684524,2980.37966517857
654.913002122278,45805.9418080357,2987.36876488095
655.10974327,45832.3378497024,3007.06827380952
655.306470127895,45854.0528199405,3004.27263392857
655.503182693675,45868.9412276786,3004.33764880952
655.699880965051,45903.2040699405,3009.05122767857
655.896564939735,45894.9471800595,3022.86688988095
656.093234615439,45982.2296577381,3056.21952380952
656.289889989874,45988.0159821429,3053.03379464286
656.486531060751,45995.1026041667,3070.10020089286
656.683157825783,46008.7232217262,3075.36640625
656.87977028268,46010.1535491071,3064.47641369048
657.076368429156,45974.0052752976,3027.22288690476
657.27295226292,45971.4046800595,3011.55430059524
657.469521781685,45987.0732663691,3002.61475446429
657.666076983162,45991.4942782738,3004.43517113095
657.862617865063,46037.9799181548,3026.44270833333
658.059144425099,46028.2601934524,3004.30514136905
658.255656660983,46006.9028050595,2983.85796130952
658.452154570425,46004.7573139881,2973.68313244048
658.648638151138,46043.7012276786,2997.44607142857
658.845107400832,46095.1605059524,3024.62229166667
659.04156231722,46111.4467336309,3018.25083333333
659.238002898013,46110.3739880952,3005.63794642857
659.434429140922,46102.9947991071,2997.05598214286
659.63084104366,46113.1696279762,2997.54359375
659.827238603938,46122.6943080357,2970.26985119048
660.023621819467,46160.1753869048,2961.46033482143
660.219990687959,46125.5224553571,2950.83040178571
660.416345207126,46150.0330654762,2953.46350446429
660.612685374679,46141.8086830357,2925.99471726191
660.80901118833,46132.3165104167,2907.85556547619
661.00532264579,46138.9155208333,2921.24863095238
661.201619744771,46181.9553720238,2939.87539434524
661.397902482985,46250.8711458333,2984.99572172619
661.594170858143,46276.1944419643,2983.63040922619
661.790424867957,46269.1728348214,2977.38898065476
661.986664510139,46275.0566815476,2962.40305059524
662.182889782399,46304.0533184524,2986.4910639881
662.37910068245,46342.2170535714,3002.38720238095
662.575297208003,46358.3082366071,3015.58522321429
662.77147935677,46357.2354910714,2995.495625
662.967647126463,46359.1534300595,2975.47104166667
663.163800514792,46367.8329166667,2963.89839285714
663.35993951947,46384.4767261905,2981.7124702381
663.556064138208,46419.8123139881,2991.46470238095
663.752174368718,46431.4499776786,2994.22783482143
663.948270208712,46426.9314434524,2999.16896577381
664.1443516559,46441.2347172619,3009.50633184524
664.340418707995,46428.1667261905,2984.37808035714
664.536471362708,46443.2826860119,2983.2078125
664.732509617751,46491.0686235119,3007.19830357143
664.928533470835,46535.0836979167,3028.42566220238
665.124542919672,46570.6468377976,3032.81416666667
665.320537961974,46577.9285044643,3042.17630952381
665.516518595452,46549.3219568452,2998.55132440476
665.712484817818,46540.7725,2996.21078869048
665.908436626782,46598.180639881,3013.86232886905
666.104374020059,46592.6868824405,3010.48155505952
666.300296995357,46626.6571577381,3024.68730654762
666.49620555039,46652.0779761905,3021.89166666667
666.692099682868,46682.4399255952,3007.10078125
666.887979390504,46700.0589583333,3018.25083333333
667.083844671008,46714.1021726191,3034.01694196429
667.279695522094,46722.6516294643,3040.19335565476
667.475531941471,46782.5628422619,3063.43617559524
667.671353926852,46780.5473809524,3069.05996279762
667.867161475948,46811.5269717262,3067.62963541667
668.062954586471,46865.3267857143,3084.82607142857
668.258733256133,46883.4984449405,3078.71467261905
668.454497482645,46929.0738764881,3101.79495535714
668.650247263719,46916.7535565476,3076.69921130952
668.845982597066,46917.0461235119,3067.69465029762
669.041703480397,46907.2613839286,3055.92695684524
669.237409911426,46875.5341220238,3030.63616815476
669.433101887862,46897.8992410714,3027.09285714286
669.628779407418,46928.456235119,3044.32180059524
669.824442467806,46969.0580282738,3051.50594494048
670.020091066736,46973.2189806548,3052.74122767857
670.215725201921,46991.7807291667,3057.29226934524
670.411344871071,46998.7048139881,3052.93627232143
670.6069500719,47019.7696354167,3056.15450892857
670.802540802118,47026.0435714286,3070.75034970238
670.998117059436,47028.124047619,3065.15906994048
671.193678841567,47065.9627083333,3076.56918154762
671.389226146223,47087.1575595238,3070.52279761905
671.584758971114,47043.9551711309,3031.28631696429
671.780277313952,47084.5569642857,3034.89464285714
671.975781172449,47099.9654910714,3039.185625
672.171270544316,47067.7506175595,3018.5759077381
672.366745427266,47102.1759970238,3027.12536458333
672.562205819009,47110.8229761905,3018.12080357143
672.757651717257,47125.1587574405,3018.90098214286
672.953083119722,47146.3536086309,3021.50157738095
673.148500024116,47147.8489508929,3009.57134672619
673.343902428149,47185.947671131,3016.98304315476
673.539290329535,47203.6642261905,3017.66569940476
673.734663725983,47195.8299330357,2998.19374255952
673.930022615206,47186.7928645833,2982.85023065476
674.125366994916,47202.7540178571,2979.6645014881
674.320696862824,47228.4999107143,2977.19393601191
674.516012216641,47274.0753422619,2984.63813988095
674.71131305408,47288.7036904762,2977.7465625
674.906599372851,47333.1413616071,2990.29443452381
675.101871170667,47363.7958779762,2984.11802083333
675.297128445239,47366.9165922619,2975.43853422619
675.492371194278,47403.7475223214,2994.58541666667
675.687599415497,47447.1124479167,3008.04349702381
675.882813106606,47438.9530803571,2990.55449404762
676.078012265318,47433.7193824405,2972.25280505952
676.273196889344,47469.0224627976,2989.35171875
676.468366976395,47446.2347470238,2968.189375
676.663522524184,47485.1136458333,2987.8563764881
676.858663530421,47517.7511160714,2997.38105654762
677.053789992819,47510.5344642857,2979.89205357143
677.248901909089,47543.9521130952,2986.36103422619
677.443999276942,47569.6654985119,3004.59770833333
677.63908209409,47600.6775967262,2998.77887648809
677.834150358245,47624.3755208333,3024.00465029762
678.029204067119,47673.29921875,3049.2954389881
678.224243218422,47656.3953497024,3038.95807291667
678.419267809867,47667.4153720238,3046.20723214286
678.614277839165,47663.6120014881,3047.08493303571
678.809273304028,47654.7049627976,3038.69801339286
679.004254202168,47633.4776041667,3009.44131696428
679.199220531295,47620.117046131,2993.54517857143
679.394172289121,47634.3227976191,2987.04369047619
679.589109473359,47608.1543080357,2964.80860119048
679.78403208172,47600.4500446429,2950.92792410714
679.978940111915,47603.050639881,2947.22207589286
680.173833561656,47634.4203199405,2942.50849702381
680.368712428654,47638.2561979167,2933.17886160714
680.563576710622,47678.76046875,2954.50374255952
680.75842640527,47674.046889881,2932.07360863095
680.95326151031,47722.45046875,2957.8195014881
681.148082023455,47765.6203497024,2980.37966517857
681.342887942415,47772.3168824405,2997.34854910714
681.537679264902,47792.3414657738,2988.01891369048
681.732455988627,47764.9376934524,2983.56539434524
681.927218111303,47756.0956696429,2953.07341517857
682.121965630641,47746.7010193452,2946.79947916667
682.316698544353,47796.5349255952,2956.84427827381
682.511416850149,47806.1246205357,2959.54239583333
682.706120545742,47786.9777380953,2932.5612202381
682.900809628844,47806.6772470238,2928.95289434524
683.095484097165,47866.7184895833,2978.68927827381
683.290143948418,47909.5958035714,2988.6690625
683.484789180314,47900.2661681548,2982.33011160714
683.679419790564,47931.6683556548,2998.12872767857
683.874035776881,47928.4826264881,2992.27738839286
684.068637136976,47946.6867931548,3004.33764880952
684.26322386856,47954.0334747024,3012.36698660714
684.457795969345,47968.0766889881,3023.28948660714
684.652353437043,47980.6895758929,3009.24627232143
684.846896269365,47986.2158407738,3013.89483630952
685.041424464023,47969.4745089286,2997.51108630952
685.235938018728,47965.6711383929,2990.1644047619
685.430436931193,48011.6041517857,2987.49879464286
685.624921199128,47994.5702529762,2981.35488839286
685.819390820245,48052.4660044643,3009.08373511905
686.013845792256,48083.5106101191,3016.20286458333
686.208286112873,48098.2039732143,3009.31128720238
686.402711779806,48071.4828571429,2992.99255208333
686.597122790768,48088.6792931548,2988.57154017857
686.791519143471,48104.1528348214,2979.95706845238
686.985900835625,48112.4422321429,2988.7990922619
687.180267864943,48070.60515625,2948.22980654762
687.374620229135,48100.1544196429,2968.61197172619
687.568957925914,48130.4513541667,2973.68313244048
687.763280952992,48148.6230133929,2964.35349702381
687.957589308079,48174.5964583333,2970.46489583333
688.151882988888,48189.0947767857,2953.62604166667
688.346161993129,48201.5776339286,2983.63040922619
688.540426318516,48237.5308630952,2983.82545386905
688.734675962758,48230.8343303572,2972.22029761905
688.928910923568,48249.5586160714,2978.07163690476
689.123131198658,48252.0291815476,2991.36718005952
689.317336785738,48275.5320610119,3000.27421875
689.511527682521,48254.5972693453,2983.17530505952
689.705703886719,48320.9774627976,2997.73863839286
689.899865396042,48298.3847916667,2965.68630208333
690.094012208202,48317.0440625,2967.66925595238
690.288144320911,48337.8813318452,2973.68313244048
690.482261731881,48346.6908482143,2982.20008184524
690.676364438824,48352.1520982143,2990.55449404762
690.870452439449,48402.7986904762,3023.06193452381
691.064525731471,48418.3372470238,3018.90098214286
691.258584312599,48455.0381473214,3029.07581101191
691.452628180545,48433.5832366071,3017.82823660714
691.646657333022,48463.7826488095,3025.30494791667
691.840671767741,48454.8431026786,3030.40861607143
692.034671482413,48437.9717410714,3010.09146577381
692.228656474749,48464.5628273809,3030.44112351191
692.422626742463,48478.5735342262,3017.73071428571
692.616582283264,48462.8724404762,3015.45519345238
692.810523094865,48490.0161532738,3037.62526785714
693.004449174978,48505.6522321429,3041.85123511905
693.198360521313,48528.6675,3039.15311755952
693.392257131583,48492.9093154762,3013.89483630952
693.586139003499,48478.9636235119,3011.45677827381
693.780006134773,48453.7378497024,2999.10395089286
693.973858523116,48453.7053422619,2996.69840029762
694.16769616624,48434.5909672619,3007.62090029762
694.361519061856,48436.6389360119,3023.41951636905
694.555327207677,48464.8553943452,3022.31426339286
694.749120601413,48464.0102008929,3000.07917410714
694.942899240777,48429.68234375,2983.69542410714
695.136663123479,48411.8357589286,2993.15508928571
695.330412247232,48398.1826339286,2977.42148809524
695.524146609747,48443.1729315476,3001.15191964286
695.717866208735,48418.6623214286,2991.46470238095
695.91157104191,48407.83734375,2979.76202380952
696.10526110698,48404.8466592262,2999.13645833333
696.29893640166,48393.1439806548,2986.39354166667
696.492596923659,48370.1612202381,2985.25578125
696.68624267069,48372.7618154762,2985.61336309524
696.879873640464,48339.0190922619,2962.89066220238
697.073489830693,48300.9528794643,2946.57192708333
697.267091239089,48278.197671131,2927.84764136905
697.460677863362,48312.6230505952,2950.60284970238
697.654249701225,48317.6942113095,2962.50057291667
697.84780675039,48294.0613020833,2957.68947172619
698.041349008567,48293.086078869,2963.08570684524
698.234876473469,48303.6509970238,2949.40007440476
698.428389142807,48271.8262127976,2933.86151785714
698.621887014292,48267.8603050595,2933.17886160714
698.815370085636,48247.7056919643,2930.41572916667
699.008838354552,48276.3122395833,2945.82425595238
699.20229181875,48270.7859747024,2941.20819940476
699.395730475942,48265.909858631,2951.28550595238
699.589154323839,48246.0153050595,2951.28550595238
699.782563360154,48266.0398883929,2968.28689732143
699.975957582597,48281.8710119048,2995.82069940476
700.169336988881,48304.3011458333,2994.65043154762
700.362701576717,48273.7766592262,2995.13804315476
700.556051343816,48266.8850818452,2982.75270833333
700.749386287891,48273.9391964286,2984.37808035714
700.942706406653,48296.4343452381,2997.77114583333
701.136011697812,48322.2452529762,3003.94755952381
701.329302159082,48332.1600223214,3006.48313988095
701.522577788174,48324.3907440476,2999.26648809524
701.715838582798,48351.6319791667,3010.35152529762
701.909084540668,48363.4646875,3027.74300595238
702.102315659493,48386.057358631,3032.52159970238
702.295531936987,48389.6981919643,3038.66550595238
702.48873337086,48392.5913541667,3044.7769047619
702.681919958825,48396.5572619048,3051.89603422619
702.875091698592,48409.4627157738,3049.23042410714
703.068248587873,48398.8652901786,3039.15311755952
703.261390624381,48414.0137574405,3041.13607142857
703.454517805826,48443.5630208333,3066.91447172619
703.64763012992,48425.3263467262,3044.02923363095
703.840727594375,48431.6327901786,3052.12358630952
704.033810196902,48433.9083110119,3033.13924107143
704.226877935214,48446.6187202381,3041.46114583333
704.41993080702,48521.905952381,3081.15273065476
704.612968810034,48505.0670982143,3065.48414434524
704.805991941967,48564.9458035714,3127.83341517857
704.99900020053,48574.8280654762,3157.51270833333
705.191993583434,48600.34640625,3160.27584077381
705.384972088393,48608.7333258928,3173.96147321429
705.577935713116,48597.9083482143,3171.75096726191
705.770884455316,48595.4702901786,3179.84531994048
705.963818312705,48621.3137053571,3177.53729166667
706.156737282993,48602.9795089286,3189.63005952381
706.349641363893,48606.4903125,3187.48456845238
706.542530553116,48587.8310416667,3178.67505208333
706.735404848374,48605.5150892857,3174.51409970238
706.928264247378,48588.123608631,3193.92104166667
707.12110874784,48567.3188467262,3177.17970982143
707.313938347471,48553.1456026786,3173.1162797619
707.506753043984,48527.5947544643,3146.85026785714
707.699552835089,48518.8827604167,3157.44769345238
707.892337718498,48511.6986160714,3130.85660714286
708.085107691924,48506.0098139881,3146.4926860119
708.277862753076,48512.7063467262,3158.06533482143
708.470602899668,48478.83359375,3141.5840625
708.663328129411,48496.3876116071,3141.94164434524
708.856038440015,48417.6545907738,3072.79831845238
709.048733829194,48390.153296131,3046.66233630952
709.241414294658,48346.8533854167,3043.60663690476
709.434079834119,48334.3055133929,3046.53230654762
709.626730445289,48316.6214657738,3054.72418154762
709.819366125879,48320.4248363095,3046.33726190476
710.011986873601,48270.3958854167,3048.84033482143
710.204592686166,48255.7025223214,3021.11148809524
710.397183561287,48235.3853720238,3034.99216517857
710.589759496673,48259.1483110119,3047.34499255952
710.782320490039,48224.5603943452,3049.97809523809
710.974866539094,48251.2164955357,3066.97948660714
711.16739764155,48241.7568303571,3081.31526785714
711.35991379512,48239.0587127976,3072.08315476191
711.552414997514,48217.6038020833,3069.93766369048
711.744901246444,48271.3711086309,3131.99436755952
711.937372539622,48222.6099479167,3121.16938988095
712.12982887476,48209.9970610119,3110.40942708333
712.322270249568,48171.2156845238,3095.48851190476
712.514696661759,48132.9544270833,3081.3802827381
712.707108109045,48119.7238988095,3101.07979166667
712.899504589136,48106.6884151786,3107.97136904762
713.091886099744,48117.5784077381,3117.10595982143
713.284252638582,48100.2844494048,3120.09664434524
713.47660420336,48052.4009895833,3096.17116815476
713.66894079179,48071.6779017857,3096.26869047619
713.861262401584,48045.9320089286,3095.52101934524
714.053569030454,48048.6301264881,3082.45302827381
714.24586067611,48023.5993973214,3097.53648065476
714.438137336265,47984.0378422619,3058.88513392857
714.630399008631,47960.9250520833,3047.18245535714
714.822645690917,47969.8320907738,3061.87581845238
715.014877380838,47920.5183035714,3048.1901860119
715.207094076103,47930.5631026786,3059.34023809524
715.399295774425,47903.5169122024,3071.98563244048
715.591482473515,47894.7724107143,3066.65441220238
715.783654171084,47810.6431547619,2998.90890625
715.975810864845,47860.964672619,3044.12675595238
716.167952552509,47830.4076785714,3050.82328869048
716.360079231788,47855.0808258929,3071.36799107143
716.552190900393,47844.1908333333,3065.25659226191
716.744287556035,47813.7963764881,3041.59117559524
716.936369196427,47818.8350297619,3050.56322916667
717.128435819279,47770.171391369,3042.27383184524
717.320487422305,47781.6140104167,3045.39454613095
717.512524003214,47795.8522693452,3057.16223958333
717.704545559719,47756.0956696429,3059.27522321429
717.896552089531,47719.1672172619,3047.70257440476
718.088543590363,47696.9321279762,3038.56798363095
718.280520059924,47713.6409523809,3062.59098214286
718.472481495928,47726.2213318452,3097.24391369048
718.664427896086,47721.9628571429,3111.48217261905
718.856359258109,47668.2280580357,3086.25639880952
719.048275579709,47664.9122991071,3074.61873511905
719.240176858597,47640.9868229167,3071.53052827381
719.432063092485,47642.1245833333,3072.66828869048
719.623934279085,47627.4637276786,3083.75332589286
719.815790416109,47634.1927678571,3083.10317708333
720.007631501267,47568.3001860119,3050.72576636905
720.199457532271,47585.8867113095,3052.64370535714
720.391268506834,47512.6149404762,3010.28651041667
720.583064422667,47505.4307961309,3028.13309523809
720.77484527748,47542.9443824405,3074.8137797619
720.966611068987,47514.5328794643,3075.69148065476
721.158361794898,47482.5455580357,3056.83716517857
721.350097452925,47478.7746949405,3073.38345238095
721.54181804078,47449.5179985119,3068.99494791667
721.733523556174,47407.0957886905,3044.71188988095
721.925213996819,47408.1035193452,3051.27839285714
722.116889360426,47380.3421651786,3061.22566964286
722.308549644707,47342.5685193452,3044.12675595238
722.500194847374,47347.6396800595,3060.18543154762
722.691824966138,47323.3241145833,3051.57095982143
722.883439998712,47336.6196577381,3068.31229166667
723.075039942805,47340.845625,3077.64192708333
723.266624796131,47303.1695014881,3058.88513392857
723.4581945564,47259.3494717262,3048.93785714286
723.649749221324,47242.4130952381,3042.24132440476
723.841288788615,47214.8467857143,3076.08156994048
724.032813255985,47193.9119940476,3075.85401785714
724.224322621144,47164.8828497024,3070.36026041667
724.415816881806,47180.6164508929,3099.06433035714
724.60729603568,47134.2933482143,3077.67443452381
724.798760080479,47086.5724255952,3050.01060267857
724.990209013915,47056.4380282738,3032.87918154762
725.181642833698,47085.1095907738,3063.82626488095
725.373061537542,47051.3018526786,3061.74578869048
725.564465123156,47028.7416889881,3063.17611607143
725.755853588253,47011.8378199405,3066.42686011905
725.947226930545,46999.9726041667,3068.66987351191
726.138585147742,46970.9759672619,3055.24430059524
726.329928237558,46945.2950892857,3038.92556547619
726.521256197702,46879.6300595238,3004.59770833333
726.712569025887,46864.9041889881,3016.59295386905
726.903866719824,46828.2032886905,3011.879375
727.095149277226,46775.4762202381,3004.85776785714
727.286416695803,46771.6403422619,3016.23537202381
727.477668973267,46767.414375,3030.57115327381
727.66890610733,46717.9055431548,3023.71208333333
727.860128095703,46668.3642038691,2980.96479910714
728.051334936098,46618.8878794643,2974.82089285714
728.242526626227,46584.6250372024,2984.11802083333
728.433703163801,46525.9491071429,2970.26985119048
728.624864546532,46533.198266369,2978.59175595238
728.816010772131,46463.5023139881,2969.65220982143
729.007141838309,46468.6384895833,2974.36578869048
729.19825774278,46424.5584002976,2961.98045386905
729.389358483254,46368.2880208333,2943.09363095238
729.580444057442,46354.4398511905,2950.79789434524
729.771514463056,46344.785141369,2977.09641369048
729.962569697809,46304.7359747024,2985.77590029762
730.153609759411,46302.460453869,3007.29582589286
730.344634645574,46275.7718452381,3010.90415178571
730.53564435401,46271.8384449405,3035.15470238095
730.72663888243,46220.5091964286,3011.55430059524
730.917618228546,46182.6055208333,3004.69523065476
731.10858239007,46166.676875,3001.83457589286
731.299531364712,46117.9807291667,3002.22466517857
731.490465150186,46100.0366220238,3011.03418154762
731.681383744201,46095.0954910714,3014.18740327381
731.872287144471,46081.8324553571,3037.65777529762
732.063175348706,46085.6033184524,3058.69008928571
732.254048354618,46063.3032142857,3047.50752976191
732.444906159919,46048.7723883928,3065.87423363095
732.63574876232,46001.8641517857,3066.62190476191
732.826576159533,46005.4724776786,3074.5537202381
733.017388349269,45954.3382738095,3076.21159970238
733.208185329241,45902.4238913691,3068.05223214286
733.398967097159,45884.3822619048,3088.27186011905
733.589733650735,45868.7786904762,3101.40486607143
733.780484987682,45826.1614360119,3077.12180803571
733.971221105709,45821.9029613095,3071.27046875
734.16194200253,45779.2206919643,3077.60941964286
734.352647675855,45768.4282217262,3089.01953125
734.543338123397,45720.4147321429,3085.41120535714
734.734013342867,45715.7336607143,3103.58286458333
734.924673331976,45714.4983779762,3116.32578125
735.115318088435,45666.1273065476,3119.05640625
735.305947609958,45656.7001488095,3120.74679315476
735.496561894255,45598.9019196429,3112.97751488095
735.687160939038,45558.495171131,3119.34897321429
735.877744742018,45526.1502678571,3121.42944940476
736.068313300907,45514.8701860119,3113.7251860119
736.258866613416,45467.9944568452,3100.52716517857
736.449404677258,45452.8459895833,3103.64787946429
736.639927490144,45427.6202157738,3110.53945684524
736.830435049785,45395.9904761905,3115.54560267857
737.020927353893,45347.5218824405,3100.91725446429
737.21140440018,45339.4600372024,3123.93252232143
737.401866186357,45330.8130580357,3118.30873511905
737.592312710136,45286.73296875,3108.62151785714
737.782743969228,45281.4017485119,3126.82568452381
737.973159961345,45239.9547619048,3129.52380208333
738.163560684199,45223.7335491071,3104.36304315476
738.3539461355,45212.9085714286,3115.02548363095
738.544316312962,45193.5016294643,3120.74679315476
738.734671214295,45190.7384970238,3118.21121279762
738.925010837211,45143.2451264881,3102.8026860119
739.115335179422,45129.2344196429,3103.09525297619
739.305644238638,45088.8601785714,3098.18662946429
739.495938012573,45071.9563095238,3095.84609375
739.686216498937,45069.9733556548,3100.00704613095
739.876479695442,45015.1658110119,3071.62805059524
740.066727599799,44993.0607514881,3085.96383184524
740.25696020972,44974.4339880952,3112.68494791667
740.447177522918,44943.0318005952,3102.28256696429
740.637379537102,44927.5907663691,3115.643125
740.827566249986,44916.2456696428,3117.0084375
741.01773765928,44902.7225744048,3126.11052083333
741.207893762696,44882.7630059524,3131.66929315476
741.398034557946,44833.0916369048,3118.53628720238
741.588160042741,44800.0315699405,3100.26710565476
741.778270214794,44789.0440550595,3105.9559077381
741.968365071814,44766.2888467262,3096.59376488095
742.158444611515,44750.9778422619,3130.43401041667
742.348508831608,44687.7833779762,3105.43578869048
742.538557729804,44648.7419419643,3087.71923363095
742.728591303814,44583.2719568452,3080.92517857143
742.918609551352,44551.0245758929,3084.69604166667
743.108612470127,44539.5494494048,3095.39098958333
743.298600057852,44506.2293229167,3095.9761235119
743.488572312238,44490.2031547619,3102.18504464286
743.678529230998,44440.5642931548,3101.59991071429
743.868470811841,44441.7020535714,3129.49129464286
744.058397052481,44397.3293973214,3129.39377232143
744.248307950629,44375.1268154762,3125.7529389881
744.438203503996,44342.0667485119,3132.54699404762
744.628083710293,44304.9757589286,3127.89843005952
744.817948567234,44263.6262946428,3142.8193452381
745.007798072528,44238.5305505952,3143.14441964286
745.197632223888,44219.123608631,3140.7713764881
745.387451019025,44186.908735119,3125.00526785714
745.577254455651,44140.8131845238,3132.67702380952
745.767042531478,44090.1340848214,3127.99595238095
745.956815244216,44027.2321875,3144.96483630952
746.146572591578,43998.9507142857,3130.92162202381
746.336314571276,43996.8702380952,3149.51587797619
746.52604118102,43993.9120610119,3172.20607142857
746.715752418523,43961.3721130952,3178.87009672619
746.905448281496,43947.1663616071,3188.52480654762
747.09512876765,43886.2799255952,3175.55433779762
747.284793874698,43868.9534598214,3188.10220982143
747.47444360035,43830.2696056548,3179.55275297619
747.664077942319,43795.4541369048,3171.45840029762
747.853696898316,43749.5861383929,3147.30537202381
748.043300466053,43700.8574851191,3134.39991815476
748.23288864324,43653.3316071428,3108.45898065476
748.422461427591,43629.6986979167,3110.21438244048
748.612018816816,43594.2980952381,3099.16185267857
748.801560808627,43558.864985119,3082.77810267857
748.991087400736,43525.2847991072,3090.74242559524
749.180598590854,43465.9912276786,3078.97473214286
749.370094376692,43451.0378050595,3093.14797619048
749.559574755963,43447.0068824405,3111.5471875
749.749039726378,43429.6479092262,3111.57969494048
749.938489285649,43408.0954761905,3105.01319196429
750.127923431487,43353.8080505952,3107.06116071429
750.317342161604,43294.0268675595,3090.96997767857
750.50674547371,43226.6714508929,3064.44390625
750.69613336552,43179.6006770833,3056.41456845238
750.885505834742,43140.4942261905,3059.6653125
751.07486287909,43142.8022544643,3081.5103125
751.264204496274,43067.7100669643,3056.54459821429
751.453530684007,43032.4394940476,3056.31704613095
751.64284144,43008.091421131,3059.86035714286
751.832136761964,42978.5096502976,3061.90832589286
752.021416647612,42932.5441294643,3054.10654017857
752.210681094654,42887.9114136905,3062.33092261905
752.399930100803,42843.8638318452,3051.89603422619
752.589163663769,42827.9351860119,3067.56462053571
752.778381781266,42806.7728422619,3071.56303571429
752.967584451003,42759.1169345238,3064.08632440476
753.156771670693,42720.4655877976,3056.41456845238
753.345943438047,42671.3793526786,3074.52121279762
753.535099750777,42639.3270163691,3070.32775297619
753.724240606595,42574.7672395833,3053.71645089286
753.913366003212,42537.2211458333,3042.7289360119
754.10247593834,42513.3281770833,3050.56322916667
754.29157040969,42452.9943675595,3053.03379464286
754.480649414974,42414.5055580357,3052.61119791667
754.669712951903,42374.1638244048,3047.9301264881
754.85876101819,42307.1334821429,3032.58661458333
755.047793611545,42249.1402083333,3028.03557291667
755.23681072968,42254.4064136905,3058.62507440476
755.425812370308,42227.4577455357,3072.11566220238
755.614798531139,42203.85734375,3088.43439732143
755.803769209885,42200.4440625,3113.40011160714
755.992724404257,42161.7927157738,3116.00070684524
756.181664111968,42127.7574255952,3118.9263764881
756.370588330729,42105.55484375,3119.8690922619
756.559497058252,42048.829360119,3106.44351934524
756.748390292247,42036.5740550595,3106.0859375
756.937268030427,41998.9954538691,3112.16482886905
757.126130270504,41976.1102157738,3123.63995535714
757.314977010188,41930.5347842262,3108.10139880952
757.503808247192,41901.440625,3125.0702827381
757.692623979226,41845.0727232143,3115.57811011905
757.881424204004,41812.4352529762,3120.35670386905
758.070208919236,41766.95734375,3092.36779761905
758.258978122633,41782.6584375,3103.51784970238
758.447731811908,41765.9496130952,3119.08891369048
758.636469984772,41759.9357366071,3130.82409970238
758.825192638937,41736.5953943452,3122.76225446429
759.013899772114,41688.4193675595,3115.15551339286
759.202591382015,41621.7791145833,3080.04747767857
759.391267466351,41593.8877306548,3081.64034226191
759.579928022834,41573.6681026786,3094.12319940476
759.768573049176,41510.7662053571,3083.98087797619
759.957202543088,41501.339047619,3085.57374255952
760.145816502282,41492.1719494048,3085.67126488095
760.334414924469,41430.342797619,3081.86789434524
760.522997807362,41414.9342708333,3076.92676339286
760.711565148671,41319.3623958333,3062.00584821429
760.900116946108,41317.7370238095,3067.59712797619
761.088653197385,41283.4741815476,3057.38979166667
761.277173900213,41259.4186755952,3061.74578869048
761.465679052305,41188.5199479167,3018.60841517857
761.654168651371,41174.0541369048,3036.06491071429
761.842642695123,41132.3145833333,3020.29880208333
762.031101181273,41087.2592708333,3040.25837053571
762.219544107532,41064.6015848214,3050.82328869048
762.407971471613,41032.2891889881,3033.13924107143
762.596383271226,40997.1486458333,3039.21813244048
762.784779504083,40965.7789657738,3050.72576636905
762.973160167896,40964.2511160714,3061.71328125
763.161525260376,40940.5531919643,3065.28909970238
763.349874779235,40891.8895535714,3056.60961309524
763.538208722185,40814.0667410714,3028.16560267857
763.726527086937,40784.6800148809,3024.94736607143
763.914829871203,40711.6032886905,3009.01872023809
764.103117072694,40666.51546875,3009.86391369048
764.291388689122,40638.3965327381,3020.78641369048
764.479644718198,40570.4884895833,3005.73546875
764.667885157635,40548.2859077381,3018.34835565476
764.856110005144,40488.6347544643,3009.21376488095
765.044319258436,40427.8783482143,3001.11941220238
765.232512915222,40385.3911235119,3009.21376488095
765.420690973216,40353.923921131,3027.0278422619
765.608853430127,40314.3623660714,3036.55252232143
765.797000283668,40303.5698958333,3058.65758184524
765.985131531551,40236.3445089286,3040.51843005952
766.173247171486,40168.3714508929,3031.64389880952
766.361347201186,40099.4556770833,3024.13468005952
766.549431618362,40034.1482291667,3020.03874255952
766.737500420726,39991.2059002976,3018.77095238095
766.925553605989,39930.4494940476,3009.18125744048
767.113591171863,39888.8074627976,3018.60841517857
767.301613116059,39832.927172619,3008.49860119048
767.48961943629,39797.3965401786,3011.45677827381
767.677610130266,39754.551733631,3010.22149553571
767.8655851957,39739.1106994048,3030.40861607143
768.053544630302,39674.9735193452,3033.91941964286
768.241488431785,39621.7588392857,3032.39156994048
768.42941659786,39592.01453125,3055.95946428571
768.617329126239,39548.1945014881,3054.26907738095
768.805226014633,39523.5538616071,3070.19772321429
768.993107260754,39511.6561383929,3099.71447916667
769.180972862313,39442.7728720238,3075.95154017857
769.368822817023,39417.1895163691,3090.54738095238
769.556657122594,39404.4465997024,3111.35214285714
769.744475776738,39334.0029761905,3100.94976190476
769.932278777167,39348.241235119,3120.9743452381
770.120066121593,39281.7635193452,3126.4355952381
770.307837807727,39273.7016741071,3148.44313244048
770.49559383328,39223.5752008929,3139.43857142857
770.683334195965,39180.8604241071,3137.78069196429
770.871058893492,39130.0187872024,3132.70953125
771.058767923574,39106.9059970238,3146.39516369048
771.246461283922,39080.4124330357,3150.71865327381
771.434138972248,39045.7595014881,3148.89823660714
771.621800986262,38990.8219270833,3138.23579613095
771.809447323678,38942.190796131,3135.44015625
771.997077982206,38904.2871205357,3134.20487351191
772.184692959558,38869.8942485119,3122.92479166667
772.372292253446,38829.6175297619,3124.77771577381
772.559875861581,38798.8654910714,3132.80705357143
772.747443781675,38735.2484300595,3107.87384672619
772.934996011439,38694.0289955357,3095.55352678571
773.122532548585,38668.3481175595,3113.79020089286
773.310053390825,38624.3980580357,3112.0998139881
773.49755853587,38539.8462053571,3074.35867559524
773.685047981431,38493.6531324405,3062.59098214286
773.872521725221,38419.6336904762,3053.97651041667
774.059979764952,38401.527046131,3053.91149553571
774.247422098333,38382.5427008929,3079.72240327381
774.434848723079,38345.419203869,3074.74876488095
774.622259636898,38327.9952157738,3090.87245535714
774.809654837504,38287.8485267857,3095.06591517857
774.997034322608,38238.98984375,3091.0675
775.184398089922,38206.6449404762,3097.0813764881
775.371746137157,38134.5759449405,3089.7021875
775.559078462024,38090.7884226191,3091.13251488095
775.746395062236,38038.6789955357,3077.2843452381
775.933695935504,38019.4345907738,3087.65421875
776.12098107954,37988.4224925595,3089.50714285714
776.308250492054,37936.1830357143,3078.68216517857
776.49550417076,37876.3693452381,3060.2179389881
776.682742113367,37821.6593229167,3065.64668154762
776.869964317589,37802.154858631,3077.57691220238
777.057170781136,37779.2046056548,3083.49326636905
777.24436150172,37735.2545461309,3078.81219494048
777.431536477054,37710.8089508929,3079.85243303571
777.618695704847,37651.2553199405,3098.57671875
777.805839182812,37617.4150744048,3101.66492559524
777.992966908661,37567.6136755952,3085.28117559524
778.180078880105,37505.7520163691,3058.4300297619
778.367175094856,37470.5464583333,3063.56620535714
778.554255550625,37420.9726116071,3067.53211309524
778.741320245124,37377.9652678571,3068.99494791667
778.928369176064,37323.1252157738,3066.42686011905
779.115402341158,37276.5420535714,3066.68691964286
779.302419738116,37256.3874404762,3076.30912202381
779.489421364651,37221.6694940476,3087.71923363095
779.676407218473,37191.4050669643,3100.03955357143
779.863377297295,37128.6657068452,3088.46690476191
780.050331598828,37073.4680729167,3095.87860119048
780.237270120784,37017.7503199405,3093.70060267857
780.424192860874,37002.01671875,3107.19119047619
780.61109981681,36981.6995684524,3122.76225446429
780.797990986303,36911.7760639881,3104.46056547619
780.984866367065,36865.4529613095,3099.22686755952
781.171725956809,36800.015483631,3094.96839285714
781.358569753244,36778.3655282738,3129.32875744048
781.545397754083,36762.0142857143,3126.14302827381
781.732209957038,36698.1371651786,3118.66631696429
781.91900635982,36639.8838318452,3122.37216517857
782.10578696014,36589.2697470238,3120.58425595238
782.292551755711,36531.8616071429,3103.61537202381
782.479300744244,36461.6455357143,3085.83380208333
782.66603392345,36403.0996354167,3076.50416666667
782.852751291041,36356.3214285714,3062.07086309524
783.039452844728,36298.0680952381,3062.23340029762
783.226138582224,36240.4649107143,3064.05381696429
783.41280850124,36190.4684672619,3058.16997023809
783.599462599487,36141.122172619,3063.92378720238
783.786100874678,36099.1550669643,3061.55074404762
783.972723324522,36048.7685342262,3056.64212053571
784.159329946733,36018.7641666667,3085.11863839286
784.345920739022,35953.6517633929,3090.2548139881
784.532495699101,35889.2220163691,3068.50733630952
784.71905482468,35811.6917708333,3069.02745535714
784.905598113472,35747.5545907738,3062.85104166667
785.092125563188,35709.000766369,3062.07086309524
785.27863717154,35662.6126488095,3047.54003720238
785.465132936239,35595.6473214286,3047.80009672619
785.651612854998,35605.9521800595,3070.16521577381
785.838076925527,35526.3739657738,3048.87284226191
786.024525145538,35476.5725669643,3051.83101934524
786.210957512743,35435.5481770833,3060.96561011905
786.397374024853,35388.7374627976,3068.57235119048
786.58377467958,35348.2331919643,3082.90813244048
786.770159474636,35331.8819494048,3134.49744047619
786.956528407732,35284.3235639881,3138.0407514881
787.14288147658,35239.1382217262,3138.26830357143
787.329218678891,35202.3397991071,3146.65522321429
787.515540012378,35142.2335416667,3149.28832589286
787.70184547475,35074.5855580357,3136.44788690476
787.888135063721,35017.5024925595,3131.44174107143
788.074408777002,34948.8142708333,3098.31665922619
788.260666612304,34893.4866071429,3094.80585565476
788.446908567339,34835.5258407738,3110.57196428571
788.633134639818,34768.5605133929,3103.68038690476
788.819344827454,34717.3612946429,3108.32895089286
789.005539127957,34672.6635639881,3114.63539434524
789.19171753904,34581.1876264881,3098.28415178571
789.377880058414,34517.6030729167,3104.78563988095
789.56402668379,34416.6999776786,3084.1109077381
789.75015741288,34372.7499181548,3094.25322916667
789.936272243396,34298.1778497024,3095.45600446429
790.12237117305,34249.2866592262,3110.24688988095
790.308454199552,34178.5179613095,3104.33053571429
790.494521320615,34121.1098214286,3099.51943452381
790.68057253395,34029.7639136905,3057.12973214286
790.866607837268,33950.478266369,3035.38225446429
791.052627228282,33908.8687425595,3046.46729166667
791.238630704703,33809.0383928571,3020.29880208333
791.424618264243,33753.7107291667,3009.79889880952
791.610589904612,33720.9757366071,3036.55252232143
791.796545623523,33672.2145758929,3047.18245535714
791.982485418688,33605.5093080357,3041.55866815476
792.168409287817,33537.6337723214,3018.41337053571
792.354317228623,33484.97171875,3011.71683779762
792.540209238817,33465.1421800595,3017.69820684524
792.72608531611,33424.6704166667,3000.11168154762
792.911945458215,33375.6817038691,2991.5297172619
793.097789662843,33340.5411607143,2996.89344494048
793.283617927705,33317.1683110119,2989.05915178571
793.469430250513,33300.3619642857,2996.63338541667
793.655226628979,33287.1639434524,3002.09463541667
793.841007060814,33295.940952381,3019.32357886905
794.02677154373,33251.1782068452,3007.10078125
794.212520075439,33241.94609375,3006.45063244048
794.398252653652,33242.8237946429,3009.57134672619
794.58396927608,33229.2681919643,3014.38244791667
794.769669940435,33222.0190327381,3014.61
794.955354644429,33196.8257663691,3000.92436755952
795.141023385774,33242.2711681548,3023.58205357143
795.326676162181,33242.3036755952,3021.17650297619
795.512312971361,33269.7074479167,3037.20267113095
795.697933811027,33277.4767261905,3032.48909226191
795.88353867889,33299.2242038691,3044.646875
796.06912757266,33317.0057738095,3053.55391369048
796.254700490051,33336.7052827381,3048.22269345238
796.440257428774,33358.9078645833,3054.52913690476
796.625798386539,33371.8783333333,3079.98246279762
796.81132336106,33403.6381026786,3096.72379464286
796.996832350047,33437.0557514881,3108.55650297619
797.182325351212,33489.685297619,3126.20804315476
797.367802362267,33500.2177083333,3129.03619047619
797.553263380922,33535.3907589286,3144.93232886905
797.738708404891,33523.7856026786,3116.32578125
797.924137431884,33568.1582589286,3121.16938988095
798.109550459613,33570.5963169643,3109.62924851191
798.294947485789,33570.8238690476,3107.54877232143
798.480328508125,33604.4365625,3112.81497767857
798.665693524332,33635.1235863095,3135.60269345238
798.85104253212,33656.1884077381,3125.72043154762
799.036375529203,33659.4391517857,3126.565625
799.221692513292,33693.6044717262,3126.92320684524
799.406993482097,33686.0952529762,3101.82746279762
799.592278433332,33721.7559151786,3108.39396577381
799.777547364706,33733.6211309524,3102.05501488095
799.962800273933,33794.1499851191,3134.65997767857
800.148037158723,33821.8138169643,3147.40289434524
800.333258016788,33830.2657514881,3145.15988095238
800.518462845841,33843.8213541667,3134.04233630952
800.703651643591,33842.0334449405,3116.78088541667
800.888824407752,33854.5813169643,3107.84133928571
801.073981136033,33834.2316592262,3088.43439732143
801.259121826149,33823.8942931548,3068.14975446429
801.444246475808,33845.2841889881,3071.36799107143
801.629355082724,33850.810453869,3071.17294642857
801.814447644609,33858.2871651786,3078.58464285714
801.999524159172,33899.6041220238,3106.54104166667
802.184584624127,33927.6905505952,3121.72201636905
802.369629037184,33918.6209747024,3109.85680059524
802.554657396056,33939.7508110119,3109.85680059524
802.739669698454,33947.5525967262,3111.18960565476
802.924665942089,33966.6669717262,3118.37375
803.109646124673,33977.3619196429,3140.05621279762
803.294610243918,34010.1294196429,3173.47386160714
803.479558297535,34000.6372470238,3161.34858630952
803.664490283237,34019.4915625,3166.41974702381
803.849406198733,33966.8945238095,3130.85660714286
804.034306041737,33968.4223735119,3128.35353422619
804.21918980996,33982.5306026786,3127.41081845238
804.404057501112,33983.1157366071,3118.5037797619
804.588909112907,33983.6358556548,3129.06869791667
804.773744643055,34006.0009747024,3151.95393601191
804.958564089268,34035.4852232143,3170.06058035714
805.143367449258,34062.5314136905,3179.97534970238
805.328154720736,34063.4091145833,3182.05582589286
805.512925901414,34080.7355803571,3206.17634672619
805.697680989003,34094.3887053571,3218.23660714286
805.882419981216,34082.2959375,3199.34978422619
806.067142875763,34078.1024776786,3194.92877232143
806.251849670356,34073.2913764881,3187.74462797619
806.436540362708,34055.7698660714,3174.12401041667
806.621214950528,34061.2311160714,3186.24928571429
806.80587343153,34061.0035639881,3185.79418154762
806.990515803424,34064.0917708333,3197.26930803571
807.175142063923,34012.4699553571,3159.23560267857
807.359752210737,34001.5474553571,3174.80666666667
807.544346241579,34003.0102901786,3189.27247767857
807.72892415416,34049.9835416667,3230.13433035714
807.913485946191,34041.7916666667,3224.67308035714
808.098031615385,34022.8398288691,3221.03224702381
808.282561159453,34003.1078125,3212.84037202381
808.467074576106,34010.8445833333,3209.7196577381
808.651571863056,33982.2380357143,3190.24770089286
808.836053018014,33928.69828125,3168.82529761905
809.020518038693,33915.2402008929,3181.66573660714
809.204966922804,33903.374985119,3180.20290178571
809.389399668058,33881.9850892857,3159.43064732143
809.573816272167,33869.8273065476,3134.56245535714
809.758216732842,33846.9745758929,3135.53767857143
809.942601047796,33829.9731845238,3127.60586309524
810.12696921474,33806.9579166667,3118.60130208333
810.311321231384,33803.2845758929,3133.22965029762
810.495657095443,33811.6714955357,3139.11349702381
810.679976804625,33791.2243154762,3134.7575
810.864280356644,33748.1194494048,3105.85838541667
811.04856774921,33747.6318377976,3109.72677083333
811.232838980036,33725.4942708333,3092.23776785714
811.417094046833,33702.7390625,3080.6976264881
811.601332947312,33673.6774107143,3065.97175595238
811.785555679186,33664.2177455357,3083.85084821429
811.969762240165,33625.3388467262,3063.07859375
812.153952627961,33610.645483631,3069.67760416667
812.338126840287,33569.1334821429,3060.73805803571
812.522284874853,33535.1306994048,3033.98443452381
812.706426729371,33529.344375,3047.11744047619
812.890552401553,33505.2238541667,3039.77075892857
813.074661889111,33472.2938169643,3021.89166666667
813.258755189755,33450.3187872024,3034.89464285714
813.442832301198,33405.78359375,3031.77392857143
813.62689322115,33420.6394940476,3058.36501488095
813.810937947325,33381.0129241071,3045.75212797619
813.994966477433,33381.272983631,3072.63578125
814.178978809186,33344.0844717262,3051.73349702381
814.362974940295,33300.5570089286,3048.54776785714
814.546954868473,33267.6919866071,3054.65916666667
814.73091859143,33247.5698809524,3050.07561755952
814.914866106879,33233.0715625,3070.65282738095
815.09879741253,33199.3613467262,3072.99336309524
815.282712506096,33154.5986011905,3062.33092261905
815.466611385288,33093.6146428571,3038.69801339286
815.650494047817,33033.05328125,3014.28492559524
815.834360491397,33008.7052083333,3035.05718005952
816.018210713736,32976.3928125,3043.89920386905
816.202044712549,32954.4177827381,3057.94241815476
816.385862485545,32922.5279836309,3083.6883110119
816.569664030437,32901.7557291667,3086.71150297619
816.753449344937,32840.2191443452,3059.08017857143
816.937218426755,32787.4595684524,3061.97334077381
817.120971273604,32730.1814583333,3043.44409970238
817.304707883195,32683.0131622024,3046.23973958333
817.488428253239,32629.0183035714,3043.2815625
817.672132381449,32580.9397991071,3044.71188988095
817.855820265535,32544.5639732143,3050.69325892857
818.03949190321,32493.1697098214,3049.39296130952
818.223147292185,32442.2630580357,3045.62209821429
818.406786430172,32397.8253869048,3036.19494047619
818.590409314882,32338.4017857143,3035.80485119048
818.774015944027,32267.11296875,3025.5325
818.957606315318,32233.597797619,3034.76461309524
819.141180426467,32166.6324702381,3025.07739583333
819.324738275186,32133.8649702381,3039.86828125
819.508279859186,32097.0665476191,3040.29087797619
819.691805176179,32030.848891369,3035.05718005952
819.875314223877,31952.343422619,3025.10990327381
820.05880699999,31890.9368675595,3018.90098214286
820.242283502231,31848.8397321429,3015.91029761905
820.425743728311,31789.25359375,3004.01257440476
820.609187675942,31749.2369345238,3019.84369791667
820.792615342836,31728.3021428571,3030.89622767857
820.976026726703,31687.3752752976,3024.84984375
821.159421825256,31653.1124330357,3037.0076264881
821.342800636207,31601.3605877976,3032.13151041667
821.526163157266,31553.5746502976,3027.61297619048
821.709509386145,31502.3754315476,3019.12853422619
821.892839320557,31475.3942559524,3045.10197916667
822.076152958212,31432.5494494048,3043.60663690476
822.259450296822,31388.599389881,3047.83260416667
822.442731334099,31351.0207886905,3048.38523065476
822.625996067754,31332.1014583333,3048.93785714286
822.809244495499,31278.1716145833,3035.51228422619
822.992476615046,31269.8172023809,3055.86194196429
823.175692424106,31207.0453348214,3044.28929315476
823.358891920391,31171.4496875,3055.0167485119
823.542075101612,31143.1682142857,3067.20703869048
823.725241965481,31135.5289657738,3081.02270089286
823.90839250971,31104.5168675595,3091.71764880952
824.091526732009,31051.7897991071,3080.0149702381
824.274644630092,31010.0177380952,3074.84628720238
824.457746201669,30982.2238764881,3090.96997767857
824.640831444452,30915.6486383929,3071.62805059524
824.823900356152,30860.1909449405,3070.32775297619
825.006952934482,30807.5613988095,3057.38979166667
825.189989177152,30758.2801190476,3047.2474702381
825.373009081875,30729.2834821429,3054.13904761905
825.556012646361,30670.6725669643,3049.45797619048
825.738999868323,30637.1899032738,3040.58344494048
825.921970745472,30600.1964360119,3057.45480654762
826.10492527552,30563.5605505952,3066.52438244048
826.287863456178,30541.5855208333,3086.54896577381
826.470785285158,30476.0505208333,3066.75193452381
826.653690760172,30437.7242485119,3079.5923735119
826.836579878931,30362.0469270833,3051.11585565476
827.019452639146,30325.6711011905,3051.40842261905
827.202309038529,30271.5462127976,3045.36203869048
827.385149074793,30232.5372842262,3032.61912202381
827.567972745648,30197.234203869,3040.4209077381
827.750780048806,30149.2207142857,3020.00623511905
827.933570981979,30114.6653050595,3032.55410714286
828.116345542878,30078.6470610119,3049.42546875
828.299103729215,30029.36578125,3034.69959821429
828.481845538702,29989.3816294643,3048.6127827381
828.664570969049,29989.77171875,3075.23637648809
828.847280017969,29966.3663616071,3084.66353422619
829.029972683174,29931.2258184524,3086.06135416667
829.212648962374,29893.5496949405,3093.60308035714
829.395308853282,29841.3102380952,3085.89881696429
829.577952353609,29771.9393601191,3072.73330357143
829.760579461066,29717.8469791667,3058.75510416667
829.943190173366,29648.3460714286,3039.28314732143
830.12578448822,29582.8110714286,3032.16401785714
830.308362403339,29531.9694345238,3041.98126488095
830.490923916435,29473.7161011905,3024.62229166667
830.673469025219,29433.3418601191,3053.03379464286
830.855997727404,29386.30359375,3047.80009672619
831.038510020701,29364.0359970238,3070.91288690476
831.221005902821,29311.0813764881,3072.11566220238
831.403485371477,29240.5727380952,3049.06788690476
831.585948424378,29195.9400223214,3061.61575892857
831.768395059239,29143.0829241071,3053.22883928571
831.950825273768,29089.0230505952,3048.12517113095
832.13323906568,29020.9849776786,3034.08195684524
832.315636432684,28986.0069717262,3031.64389880952
832.498017372493,28904.1207291667,3004.14260416667
832.680381882818,28831.3040625,2995.52813244048
832.862729961371,28776.3014732143,2988.18145089286
833.045061605863,28732.0263392857,2977.12892113095
833.227376814007,28693.6350520833,2980.4771875
833.409675583512,28641.7206696429,2965.23119791667
833.591957912092,28600.501235119,2956.51920386905
833.774223797458,28563.02015625,2950.47281994048
833.956473237321,28519.7202455357,2948.09977678571
834.138706229394,28471.7717708333,2931.65101190476
834.320922771387,28455.778110119,2952.48828125
834.503122861012,28432.2427232143,2943.0611235119
834.68530649598,28389.7229910714,2947.09204613095
834.867473674004,28344.6026636905,2930.74080357143
835.049624392795,28320.8397247024,2938.57509672619
835.231758650065,28288.1047321429,2931.39095238095
835.413876443525,28240.9039285714,2919.07063244048
835.595977770886,28191.8176934524,2924.56438988095
835.778062629861,28149.7205580357,2912.2115625
835.960131018161,28126.8028125,2929.31047619048
836.142182933497,28086.8511681548,2944.32891369048
836.324218373582,28059.9025,2967.92931547619
836.506237336126,28022.8765252976,2973.97569940476
836.688239818842,27989.8814732143,2985.32079613095
836.87022581944,27924.8990997024,2989.57927083333
837.052195335633,27889.1409151786,2998.29126488095
837.234148365132,27852.3424925595,3005.0528125
837.416084905649,27796.1371279762,3016.82050595238
837.598004954895,27737.7862723214,3005.89800595238
837.779908510583,27672.8689136905,2985.35330357143
837.961795570422,27645.4001264881,2997.64111607143
838.143666132126,27612.2750446429,3000.79433779762
838.325520193406,27549.3081324405,2981.15984375
838.507357751972,27504.8054464286,2984.18303571429
838.689178805538,27445.9994866071,2974.23575892857
838.870983351814,27392.1021502976,2972.12277529762
839.052771388512,27354.653578869,2990.91207589286
839.234542913344,27316.48984375,2989.2216889881
839.416297924021,27263.0476116071,2980.24963541667
839.598036418256,27224.8513690476,2987.69383928571
839.779758393758,27185.0947693452,2983.95548363095
839.961463848241,27117.8043675595,2957.94953125
840.143152779415,27089.7179389881,2960.84269345238
840.324825184993,27049.2461755952,2960.48511160714
840.506481062685,26990.0176190476,2948.19729910714
840.688120410204,26983.6461607143,2962.14299107143
840.869743225261,26914.7954017857,2936.68966517857
841.051349505568,26878.5170982143,2945.04407738095
841.232939248836,26873.3484151786,2948.39234375
841.414512452777,26834.1769494048,2966.72654017857
841.596069115102,26810.3815029762,2976.73883184524
841.777609233523,26774.9158854167,2976.47877232143
841.959132805752,26715.7198363095,2966.6940327381
842.1406398295,26706.7802901786,3005.08531994048
842.322130302479,26650.1523288691,2993.09007440476
842.503604222401,26596.2549925595,2988.08392857143
842.685061586976,26579.5786755952,3012.30197172619
842.866502393917,26523.24328125,2992.69998511905
843.047926640935,26474.1245386905,2994.65043154762
843.229334325743,26463.5921279762,3005.47540922619
843.41072544605,26422.1126339286,3005.57293154762
843.59209999957,26381.185766369,3001.93209821429
843.773457984013,26352.7092485119,3006.71069196429
843.954799397091,26297.1215252976,2989.18918154762
844.136124236516,26283.2083407738,3009.79889880952
844.3174325,26260.2580877976,3004.17511160714
844.498724185254,26218.2584747024,3000.89186011905
844.679999289989,26212.8297321429,3030.37610863095
844.861257811917,26172.6505357143,3032.97670386905
845.04249974875,26090.374203869,3007.45836309524
845.2237250982,26076.3634970238,3008.75866071429
845.404933857977,26044.01859375,3015.55271577381
845.586126025795,25991.8766592262,3014.67501488095
845.767301599363,25946.5287797619,3013.43973214286
845.948460576394,25900.5307514881,3000.66430803571
846.1296029546,25891.1361011905,3013.66728422619
846.310728731691,25879.6934821429,3032.81416666667
846.49183790538,25816.9866294643,3009.18125744048
846.672930473378,25804.5037723214,3027.87303571429
846.854006433397,25772.0938541667,3032.00148065476
847.035065783148,25716.2460714286,3017.43814732143
847.216108520343,25693.5883854167,3031.12377976191
847.397134642694,25677.5947247024,3055.30931547619
847.578144147912,25675.38421875,3088.27186011905
847.759137033709,25636.3102752976,3090.41735119048
847.940113297796,25579.8448511905,3067.75966517857
848.121072937885,25535.8297767857,3089.8322172619
848.302015951687,25484.8256026786,3081.28276041667
848.482942336915,25461.095171131,3090.61239583333
848.663852091279,25422.4113169643,3091.36006696429
848.844745212492,25405.3774181548,3107.54877232143
849.025621698264,25343.2882068452,3101.4373735119
849.206481546309,25295.3722395833,3088.59693452381
849.387324754336,25243.2953199405,3082.35550595238
849.568151320058,25208.7074032738,3064.18384672619
849.748961241186,25176.1024404762,3072.14816964286
849.929754515432,25122.9527752976,3053.52140625
850.110531140508,25071.3634672619,3035.41476190476
850.291291114125,25058.5555357143,3057.32477678571
850.472034433994,25030.6316443452,3063.6312202381
850.652761097828,24991.427671131,3064.86650297619
850.833471103337,24944.0643303571,3052.93627232143
851.014164448235,24923.2920758929,3069.02745535714
851.194841130231,24882.0401339286,3059.86035714286
851.375501147038,24817.7079092262,3023.48453125
851.556144496367,24789.4264360119,3020.94895089286
851.73677117593,24759.9096800595,3024.55727678571
851.917381183438,24737.4470386905,3026.8978125
852.097974516604,24695.6749776786,3030.92873511905
852.278551173138,24639.6321502976,3000.92436755952
852.459111150753,24608.8476041667,2999.91663690476
852.639654447159,24567.368110119,3009.63636160714
852.820181060069,24550.5292559524,3013.2446875
853.000690987194,24537.0386681548,3035.9023735119
853.181184226245,24525.2059598214,3045.58959077381
853.361660774935,24505.6364806548,3072.05064732143
853.542120630975,24476.5423214286,3069.61258928571
853.722563792076,24436.2330952381,3078.29207589286
853.90299025595,24406.4562797619,3081.25025297619
854.083400020309,24355.3220758929,3062.52596726191
854.263793082864,24311.3395089286,3056.77215029762
854.444169441326,24271.4203720238,3051.50594494048
854.624529093409,24253.8988616071,3070.36026041667
854.804872036822,24205.5277901786,3047.08493303571
854.985198269278,24158.1319419643,3039.96580357143
855.165507788488,24111.4512574405,3042.92398065476
855.345800592164,24074.2627455357,3048.28770833333
855.526076678017,24049.0694791667,3058.3
855.706336043759,24006.2896875,3040.97353422619
855.886578687102,23965.9804613095,3025.72754464286
856.066804605757,23950.0193080357,3052.61119791667
856.247013797436,23912.4081994048,3047.27997767857
856.42720625985,23867.9380208333,3022.83438244048
856.607381990712,23822.9152157738,3016.49543154762
856.787540987732,23789.0424627976,3014.28492559524
856.967683248622,23750.8137127976,3018.90098214286
857.147808771093,23686.5139955357,2996.11326636905
857.327917552859,23630.2761235119,2983.95548363095
857.508009591629,23619.1910863095,3005.50791666667
857.688084885116,23565.2612425595,2988.40900297619
857.868143431031,23512.8917559524,2972.57787946429
858.048185227085,23457.0439732143,2964.67857142857
858.228210270991,23423.8213690476,2969.78223958333
858.40821856046,23393.0693303571,2976.54378720238
858.588210093204,23346.3561383929,2981.87500744048
858.768184866934,23294.8968601191,2973.45558035714
858.948142879361,23264.5999255952,2980.50969494048
859.128084128198,23223.28296875,2980.08709821429
859.308008611156,23166.2649181548,2961.78540922619
859.487916325946,23116.6910714286,2951.90314732143
859.667807270281,23087.8569717262,2966.88907738095
859.847681441871,23014.1951116071,2933.5039360119
860.027538838428,22965.1413839286,2930.25319196429
860.207379457665,22953.9913318452,2956.09660714286
860.387203297292,22930.4884523809,2965.49125744048
860.567010355021,22878.9966666667,2951.2529985119
860.746800628564,22843.6935863095,2949.36756696429
860.926574115632,22819.1829761905,2955.86905505952
861.106330813937,22793.4370833333,2966.75904761905
861.286070721191,22775.9155729167,2973.13050595238
861.465793835104,22742.9855357143,2978.94933779762
861.645500153389,22726.1791889881,2994.03279017857
861.825189673758,22714.8340922619,3018.12080357143
862.004862393922,22697.1825520833,3028.62070684524
862.184518311592,22675.9877008929,3035.9023735119
862.36415742448,22619.197202381,3004.66272321429
862.543779730298,22589.4203869048,3011.65182291667
862.723385226757,22593.1587425595,3042.01377232143
862.902973911569,22561.8865848214,3036.52001488095
863.082545782446,22534.1252306548,3043.54162202381
863.262100837098,22543.6499107143,3081.86789434524
863.441639073238,22513.0929166667,3074.45619791667
863.621160488578,22509.5496056548,3090.77493303571
863.800665080828,22491.7680357143,3102.51011904762
863.980152847701,22437.3505803571,3085.15114583333
864.159623786908,22408.4514657738,3090.74242559524
864.33907789616,22363.6562127976,3086.38642857143
864.51851517317,22328.0930729167,3088.336875
864.697935615649,22285.0857291667,3082.7455952381
864.877339221308,22257.259360119,3078.61715029762
865.056725987859,22199.9487425595,3057.09722470238
865.236095913014,22155.1209821429,3054.13904761905
865.415448994484,22108.8628943452,3038.27541666667
865.594785229981,22059.9066889881,3021.24151785714
865.774104617216,22017.9720907738,3011.52179315476
865.953407153901,21966.3177678571,2997.70613095238
866.132692837748,21941.6121130952,3019.90871279762
866.311961666469,21919.8646354167,3030.08354166667
866.491213637774,21851.7290401786,3011.0666889881
866.670448749375,21799.9446875,2999.98165178571
866.849666998984,21764.9991889881,2999.5915625
867.028868384313,21686.0386160714,2967.57173363095
867.208052903074,21629.5406845238,2953.20344494048
867.387220552977,21583.1850744048,2962.01296130952
867.566371331734,21537.739672619,2959.05478422619
867.745505237058,21518.9178645833,2980.80226190476
867.924622266659,21465.5731547619,2968.51444940476
868.103722418249,21430.7576860119,2969.19710565476
868.28280568954,21397.6651116071,2969.91226934524
868.461872078243,21392.6914732143,3003.75251488095
868.640921582071,21363.72734375,3024.88235119048
868.819954198734,21331.2849181548,3042.89147321429
868.998969925944,21306.0266369048,3042.43636904762
869.177968761413,21265.8474404762,3054.85421130952
869.356950702852,21228.2688392857,3054.30158482143
869.535915747973,21190.5602083333,3059.95787946429
869.714863894488,21147.6178794643,3054.82170386905
869.893795140108,21103.9278794643,3052.61119791667
870.072709482545,21049.8029910714,3036.03240327381
870.25160691951,21012.094360119,3026.54023065476
870.430487448715,20986.2509449405,3045.00445684524
870.609351067871,20943.276108631,3043.21654761905
870.788197774691,20898.4483482143,3042.43636904762
870.967027566885,20883.6899702381,3074.52121279762
871.145840442166,20840.5525967262,3070.97790178571
871.324636398245,20801.9987723214,3069.64509672619
871.503415432833,20741.3398883929,3045.81714285714
871.682177543643,20709.9051934524,3058.10495535714
871.860922728385,20682.2738690476,3063.2086235119
872.039650984771,20639.364047619,3060.77056547619
872.218362310514,20575.7144791667,3027.61297619048
872.397056703323,20523.6050520833,3009.47382440476
872.575734160912,20472.3408184524,2992.86252232143
872.754394680992,20435.5098883929,3005.31287202381
872.933038261274,20380.8973883929,2983.11029017857
873.11166489947,20341.2708184524,2979.33942708333
873.290274593292,20276.93859375,2955.54398065476
873.46886734045,20238.7423511905,2951.6755952381
873.647443138657,20193.2319345238,2935.84447172619
873.826001985625,20174.9302455357,2950.01771577381
874.004543879064,20136.31140625,2944.88154017857
874.183068816687,20093.1090178571,2937.72990327381
874.361576796205,20059.788891369,2938.64011160714
874.54006781533,20021.4951264881,2933.60145833333
874.718541871772,19984.9892708333,2932.75626488095
874.896998963245,19938.0810342262,2910.35863839286
875.07543908746,19909.1169047619,2910.9762797619
875.253862242127,19893.5458407738,2918.77806547619
875.432268424959,19850.8310639881,2906.29520833333
875.610657633667,19820.3715922619,2908.37568452381
875.789029865963,19788.904389881,2904.70234375
875.967385119559,19744.0116145833,2892.38202380952
876.145723392165,19699.1188392857,2879.28152529762
876.324044681495,19678.2490625,2879.67161458333
876.502348985258,19648.3097098214,2863.32037202381
876.680636301168,19638.7525223214,2869.886875
876.858906626934,19627.1473660714,2880.58182291667
877.03715996027,19616.9725372024,2886.62820684524
877.215396298886,19591.0315997024,2882.36973214286
877.393615640495,19591.7792708333,2890.9191889881
877.571817982808,19566.5534970238,2880.35427083333
877.750003323535,19549.9421949405,2879.93167410714
877.92817166039,19529.2349553571,2870.76457589286
878.106322991084,19527.5120610119,2877.42860119048
878.284457313328,19524.1637946429,2882.82483630952
878.462574624833,19519.3201860119,2876.81095982143
878.640674923312,19517.889858631,2882.75982142857
878.818758206476,19504.3342559524,2870.86209821429
878.996824472037,19501.9287053571,2882.36973214286
879.174873717706,19489.770922619,2878.2087797619
879.352905941194,19473.4846949405,2868.45654761905
879.530921140214,19460.1241369048,2858.99688244048
879.708919312477,19467.2107589286,2869.59430803571
879.886900455695,19494.9721130952,2896.41294642857
880.064864567579,19476.3128422619,2883.31244791667
880.24281164584,19489.6083854167,2913.47935267857
880.420741688191,19500.5308854167,2928.04268601191
880.598654692343,19506.3172098214,2933.66647321429
880.776550656007,19516.1344568452,2943.4837202381
880.954429576896,19511.1283110119,2953.13843005952
881.13229145272,19495.232172619,2948.2623139881
881.310136281192,19490.6811309524,2949.66013392857
881.487964060023,19491.2337574405,2945.72673363095
881.665774786924,19506.4472395833,2960.03000744048
881.843568459607,19496.8900520833,2961.33030505952
882.021345075784,19494.679546131,2961.98045386905
882.199104633167,19476.930483631,2946.73446428571
882.376847129466,19479.4010491071,2955.51147321429
882.554572562394,19491.1687425595,2970.07480654762
882.732280929662,19476.6379166667,2949.33505952381
882.909972228982,19501.44109375,2954.99135416667
883.087646458065,19496.4024404762,2951.22049107143
883.265303614623,19504.5943154762,2952.16320684524
883.442943696368,19510.4781622024,2952.26072916667
883.620566701011,19492.631577381,2936.81969494048
883.798172626263,19515.2892633929,2955.86905505952
883.975761469837,19510.1530877976,2942.93109375
884.153333229443,19493.3792485119,2916.27499255952
884.330887902795,19480.96140625,2907.17290922619
884.508425487602,19471.2091741071,2895.6977827381
884.685945981577,19477.7431696429,2886.43316220238
884.863449382431,19499.1330654762,2896.12037946429
885.040935687876,19512.9162202381,2901.35407738095
885.218404895624,19506.0571502976,2901.54912202381
885.395857003386,19522.7659747024,2913.18678571429
885.573292008873,19590.4464657738,2966.04388392857
885.750709909798,19595.4526116071,2959.76994791667
885.928110703872,19590.5114806548,2945.92177827381
886.105494388806,19593.8922544643,2937.95745535714
886.282860962312,19592.5269419643,2936.39709821429
886.460210422102,19604.0670833333,2939.12772321429
886.637542765887,19585.7653943452,2928.5953125
886.814857991378,19624.6768005952,2951.35052083333
886.992156096289,19641.1905803571,2954.30869791667
887.169437078329,19651.5279464286,2957.91702380952
887.346700935212,19665.9287425595,2951.31801339286
887.523947664647,19692.2922767857,2960.35508184524
887.701177264347,19695.2829613095,2952.55329613095
887.878389732024,19724.7997172619,2980.70473958333
888.055585065389,19729.0906994048,2963.60582589286
888.232763262153,19751.4558184524,2974.75587797619
888.409924320028,19769.9850595238,2983.43536458333
888.587068236727,19790.3347172619,2997.25102678571
888.76419500996,19788.9694047619,2990.61950892857
888.941304637439,19812.5698065476,2996.30831101191
889.118397116875,19780.6149925595,2966.07639136905
889.295472445981,19732.0813839286,2903.85715029762
889.472530622467,19749.1477901786,2902.03673363095
889.649571644046,19761.3380803571,2906.71780505952
889.826595508429,19796.9337276786,2928.43277529762
890.003602213328,19807.4011235119,2926.90492559524
890.180591756454,19832.3668377976,2932.85378720238
890.357564135518,19857.9827008929,2945.62921130952
890.534519348233,19858.4378050595,2934.70671130952
890.71145739231,19842.6391889881,2918.32296130952
890.88837826546,19867.6049032738,2939.58282738095
891.065281965396,19853.2691220238,2923.06904761905
891.242168489829,19851.0911235119,2920.11087053571
891.41903783647,19891.3678422619,2950.11523809524
891.595890003031,19888.1496056548,2926.54734375
891.772724987223,19889.3848883929,2932.72375744048
891.949542786759,19885.4189806548,2924.30433035714
892.126343399349,19891.0102604167,2932.33366815476
892.303126822706,19911.1973809524,2947.67718005952
892.479893054541,19922.2824181548,2950.66786458333
892.656642092565,19915.2933184524,2941.24070684524
892.83337393449,19965.0947172619,2969.39215029762
893.010088578028,19959.5034375,2961.52534970238
893.186786020891,19951.7341592262,2960.8101860119
893.36346626079,19978.3902604167,2978.29918898809
893.540129295436,19957.1629017857,2964.45101934524
893.716775122541,19972.7014583333,2968.67698660714
893.893403739817,19944.8750892857,2965.13367559524
894.070015144975,19969.4507142857,2981.87500744048
894.246609335727,19959.7309895833,2974.13823660714
894.423186309785,19967.4352529762,2989.25419642857
894.59974606486,19958.2356473214,2976.60880208333
894.776288598663,20024.6808556548,3047.83260416667
894.952813908907,20029.5894791667,3051.24588541667
895.129321993303,20017.2366517857,3039.38066964286
895.305812849562,20025.5585565476,3063.01357886905
895.482286475397,20038.9191145833,3066.62190476191
895.658742868518,20044.1853199405,3069.61258928571
895.835182026638,20049.4515252976,3071.46551339286
896.011603947467,20025.5585565476,3047.60505208333
896.188008628718,20018.4394270833,3046.92239583333
896.364396068102,20004.1361532738,3040.12834077381
896.54076626333,19983.9815401786,3026.21515625
896.717119212115,19983.7214806548,3029.66094494048
896.893454912168,19995.4566666667,3041.75371279762
897.0697733612,19982.096108631,3040.29087797619
897.246074556924,19990.6780729167,3050.75827380952
897.42235849705,19994.9040401786,3056.83716517857
897.59862517929,20002.2507217262,3055.08176339286
897.774874601356,19966.8826264881,3034.66709077381
897.95110676096,19949.0360416667,3030.96124255952
898.127321655813,19961.1938244048,3046.88988839286
898.303519283626,19953.9121577381,3053.32636160714
898.479699642112,19898.4219568452,2999.33150297619
898.655862728981,19873.9113467262,2980.24963541667
898.832008541946,19868.645141369,2977.84408482143
899.008137078718,19858.3727901786,2978.72178571429
899.184248337009,19845.7599032738,2976.80384672619
899.36034231453,19836.690327381,2969.81474702381
899.536419008992,19811.3995386905,2954.37371279762
899.712478418109,19809.1565252976,2965.06866071429
899.88852053959,19805.970796131,2965.29621279762
900.064545371148,19825.767827381,2993.28511904762
900.240552910494,19837.4054910714,3019.61614583333
900.41654315534,19823.3622767857,3021.24151785714
900.592516103397,19809.936703869,3025.63002232143
900.768471752377,19802.9801116071,3022.11921875
900.944410099992,19781.1351116071,3006.2880952381
901.120331143953,19756.6570089286,3010.57907738095
901.296234881972,19746.7097321429,3018.80345982143
901.472121311761,19732.8615625,3019.42110119048
901.64799043103,19738.9729613095,3037.52774553571
901.823842237492,19704.3200297619,3012.75707589286
901.999676728858,19688.2288467262,3005.67045386905
902.17549390284,19676.4936607143,3008.40107886905
902.351293757149,19657.7368675595,3014.41495535714
902.527076289498,19637.5172395833,3016.78799851191
902.702841497597,19605.0748139881,3002.48472470238
902.878589379158,19565.6432886905,2989.9043452381
903.054319931893,19539.7023511905,2998.68135416667
903.230033153513,19544.0258407738,3023.93963541667
903.40572904173,19501.8961979167,3005.86549851191
903.581407594256,19456.1257217262,2995.23556547619
903.757068808802,19414.4511830357,2970.62743303571
903.932712683079,19365.527485119,2944.94655505952
904.1083392148,19336.855922619,2942.63852678571
904.283948401676,19322.58515625,2946.14933035714
904.459540241419,19303.7958556548,2957.29938244048
904.63511473174,19273.7264732143,2957.20186011905
904.81067187035,19257.4727529762,2955.80404017857
904.986211654962,19233.222202381,2945.43416666667
905.161734083287,19221.4220014881,2956.61672619048
905.337239153036,19206.2735342262,2963.41078125
905.512726861921,19215.1480654762,2994.39037202381
905.688197207654,19170.2552901786,2975.08095238095
905.863650187947,19121.88421875,2960.81018601191
906.03908580051,19121.88421875,2974.78838541667
906.214504043056,19084.2080952381,2962.76063244048
906.389904913296,19074.6509077381,2967.73427083333
906.565288408942,19073.1555654762,2983.50037946429
906.740654527705,19063.8909449405,2991.78977678571
906.916003267297,19032.8463392857,2977.48650297619
907.091334625429,19009.310952381,2976.54378720238
907.266648599814,19000.6314657738,2979.14438244048
907.441945188162,18992.6671428571,3003.58997767857
907.617224388186,18968.0590104167,3000.33923363095
907.792486197596,18961.5900297619,3018.34835565476
907.967730614105,18918.7127157738,3010.44904761905
908.142957635424,18872.5196428571,2986.36103422619
908.318167259265,18945.0437425595,3081.86789434524
908.493359483339,18903.9543377976,3064.47641369048
908.668534305358,18871.4143898809,3069.12497767857
908.843691723033,18824.311108631,3049.52299107143
909.018831734076,18789.5281473214,3042.69642857143
909.1939543362,18724.8058333333,3011.65182291667
909.369059527114,18709.4623214286,3030.53864583333
909.544147304531,18697.8896726191,3047.57254464286
909.719217666163,18655.5324776786,3037.88532738095
909.89427060972,18618.5390104167,3033.39930059524
910.069306132916,18605.6010491071,3050.85579613095
910.24432423346,18548.6480133929,3038.04786458333
910.419324909066,18510.5167857143,3027.19037946429
910.594308157444,18458.8624627976,3019.32357886905
910.769273976306,18422.8767261905,3012.85459821429
910.944222363363,18374.4081324405,3004.98779761905
911.119153316328,18320.6733333333,2983.72793154762
911.294066832912,18282.2495386905,2982.94775297619
911.468962910826,18242.8180133929,2967.27916666667
911.643841547782,18219.3801488095,2970.75746279762
911.818702741492,18184.2396056548,2977.77906994048
911.993546489667,18059.67109375,2892.86963541667
912.168372790018,18017.6714806548,2881.03692708333
912.343181640258,17994.2986309524,2888.09104166667
912.517973038099,17957.27265625,2892.05694940476
912.69274698125,17900.2546056548,2871.02463541667
912.867503467425,17883.9683779762,2881.65456845238
913.042242494335,17856.6296205357,2883.27994047619
913.216964059691,17840.5384375,2896.15288690476
913.391668161205,17788.6565625,2877.10352678571
913.566354796589,17771.1025446429,2900.34634672619
913.741023963554,17715.7098660714,2881.94713541667
913.915675659812,17693.9623883929,2891.60184523809
914.090309883074,17651.4751636905,2893.61730654762
914.264926631052,17623.8763467262,2892.51205357143
914.439525901458,17581.3566145833,2888.09104166667
914.614107692003,17566.2081473214,2897.84327380952
914.788672000398,17561.5920907738,2929.01790922619
914.963218824356,17539.2594791667,2937.37232142857
915.137748161588,17499.7629389881,2939.03020089286
915.312260009805,17468.0681845238,2936.68966517857
915.48675436672,17454.155,2952.55329613095
915.661231230043,17409.0671800595,2941.56578125
915.835690597487,17374.4142485119,2942.15091517857
916.010132466763,17336.5430803571,2935.48688988095
916.184556835582,17322.5323735119,2947.77470238095
916.358963701656,17297.0465401786,2958.92475446429
916.533353062697,17258.7852827381,2953.9836235119
916.707724916417,17207.0334375,2932.52871279762
916.882079260526,17163.1483928571,2928.82286458333
917.056416092737,17143.9039880952,2946.37688244048
917.230735410761,17099.921421131,2933.47142857143
917.40503721231,17050.3800818452,2926.64486607143
917.579321495095,17034.1263616071,2942.3784672619
917.753588256828,16993.4920610119,2931.97608630952
917.92783749522,16964.5604389881,2933.95904017857
918.102069207984,16923.9586458333,2929.8305952381
918.27628339283,16893.4666666667,2941.04566220238
918.450480047471,16848.2488169643,2924.23931547619
918.624659169617,16823.9657589286,2925.53961309524
918.798820756981,16809.7600074405,2937.3398139881
918.972964807274,16751.8967633929,2916.76260416667
919.147091318208,16724.4279761905,2927.58758184524
919.321200287494,16719.7143973214,2954.21117559524
919.495291712844,16677.5847544643,2955.9015625
919.669365591969,16630.8390550595,2952.22822172619
919.843421922582,16591.4725446429,2948.06726934524
920.017460702393,16555.3892857143,2933.73148809524
920.191481929115,16524.0196056548,2944.00383928571
920.365485600458,16493.8201934524,2950.31028273809
920.539471714134,16461.2802455357,2950.34279017857
920.713440267856,16409.5284002976,2938.86766369048
920.887391259335,16382.8072842262,2946.14933035714
921.061324686282,16352.5103497024,2941.30572172619
921.235240546408,16292.3065699405,2919.98084077381
921.409138837426,16262.6272767857,2930.35071428571
921.583019557047,16241.1723660714,2947.54715029762
921.756882702983,16209.9652232143,2957.49442708333
921.930728272945,16166.0801785714,2946.66944940476
922.104556264645,16101.0327901786,2920.43594494048
922.278366675794,16070.8008705357,2941.50076636905
922.452159504104,16013.9453571429,2928.53029761905
922.625934747287,16003.2179017857,2953.85359375
922.799692403054,15941.9413764881,2920.37093005952
922.973432469117,15886.5486979167,2898.4284077381
923.147154943188,15875.9512723214,2924.56438988095
923.320859822977,15858.2022098214,2934.90175595238
923.494547106197,15830.3433333333,2943.32118303571
923.668216790559,15812.0741517857,2970.95250744048
923.841868873775,15770.1395535714,2967.18164434524
924.015503353557,15752.7805803571,2977.90909970238
924.189120227615,15706.5875074405,2968.64447916667
924.362719493662,15654.0554836309,2953.88610119048
924.536301149409,15592.1288095238,2928.49779017857
924.709865192568,15568.0082886905,2938.0224702381
924.883411620851,15554.2251339286,2942.8010639881
925.056940431968,15520.4173958333,2945.46667410714
925.230451623632,15452.606875,2920.20839285714
925.403945193554,15442.5620758929,2933.79650297619
925.577421139446,15398.6445238095,2922.71146577381
925.750879459019,15388.4046800595,2946.24685267857
925.924320149985,15317.1483705357,2912.11404017857
926.097743210056,15298.6516369048,2931.81354910714
926.271148636943,15247.4849255952,2921.54119791667
926.444536428358,15240.235766369,2952.26072916667
926.617906582012,15188.2238616071,2940.72058779762
926.791259095617,15145.476577381,2932.91880208333
926.964593966884,15082.2170982143,2913.99947172619
927.137911193526,15042.2979613095,2905.09243303571
927.311210773253,14991.196264881,2886.95328125
927.484492703778,14968.6361011905,2892.47954613095
927.657756982812,14910.1877232143,2886.23811755952
927.831003608066,14863.9621428571,2876.35585565476
928.004232577253,14851.4467782738,2894.07241071429
928.177443888083,14826.3185267857,2905.97013392857
928.350637538268,14781.6858110119,2906.00264136905
928.523813525521,14744.4647916667,2911.82147321429
928.696971847552,14698.2392113095,2894.78757440476
928.870112502073,14665.8618005952,2895.66527529762
929.043235486795,14620.9365178571,2893.94238095238
929.216340799431,14602.7323511905,2913.12177083333
929.389428437692,14568.2744642857,2916.69758928571
929.56249839929,14554.8163839286,2932.95130952381
929.735550681935,14504.7224181548,2912.14654761905
929.90858528334,14464.9658184524,2908.9283110119
930.081602201217,14405.9973214286,2889.06626488095
930.254601433276,14390.9138690476,2909.61096726191
930.42758297723,14352.3275372024,2900.54139136905
930.60054683079,14327.0042410714,2913.02424851191
930.773492991668,14282.2414955357,2911.52890625
930.946421457575,14240.4369270833,2908.66825148809
931.119332226223,14202.1756696429,2907.82305803571
931.292225295323,14170.5459300595,2912.0815327381
931.465100662587,14129.4565252976,2902.71938988095
931.637958325727,14095.7788169643,2908.14813244048
931.810798282454,14053.4216220238,2900.67142113095
931.98362053048,14032.9094270833,2917.64030505952
932.156425067517,13982.0677901786,2904.5723139881
932.329211891276,13946.602172619,2905.64505952381
932.501980999468,13938.3452827381,2927.49005952381
932.674732389806,13896.3781770833,2913.93445684524
932.84746606,13857.4017559524,2907.9855952381
933.020182007763,13800.1561532738,2890.13901041667
933.192880230806,13746.5188764881,2866.60362351191
933.36556072684,13714.2064806548,2875.96576636905
933.538223493578,13678.7733705357,2865.69341517857
933.71086852873,13656.2782217262,2873.78776785714
933.883495830009,13603.0960491071,2850.05733630952
934.056105395126,13569.9709672619,2853.73067708333
934.228697221793,13539.5765104167,2851.65020089286
934.401271307721,13521.5673883929,2862.89777529762
934.573827650622,13516.2361681548,2889.94396577381
934.746366248207,13480.1529092262,2880.809375
934.918887098188,13448.8807514881,2871.02463541667
935.091390198276,13429.0187053571,2885.39292410714
935.263875546184,13395.8611160714,2878.30630208333
935.436343139623,13382.5655729167,2891.69936755952
935.608792976304,13332.341577381,2869.69183035714
935.781225053939,13306.1730877976,2871.86982886905
935.95363937024,13278.8668377976,2866.96120535714
936.126035922917,13227.1475,2852.17031994048
936.298414709684,13198.8010119048,2854.18578125
936.470775728251,13168.3415401786,2853.47061755952
936.64311897633,13141.750453869,2852.69043898809
936.815444451632,13132.6483705357,2869.72433779762
936.98775215187,13095.7199181548,2856.3637797619
937.160042074754,13074.8826488095,2868.22899553571
937.332314217997,13026.6090997024,2847.52175595238
937.50456857931,13009.4776785714,2858.54177827381
937.676805156404,12982.4314880952,2867.80639880952
937.849023946992,12957.1732068452,2869.59430803571
938.021224948784,12896.4818154762,2841.24781994048
938.193408159492,12849.4760565476,2826.35941220238
938.365573576829,12813.8804092262,2824.24642857143
938.537721198505,12796.0988392857,2843.84841517857
938.709851022232,12790.8976488095,2858.76933035714
938.881963045722,12768.5975446429,2868.35902529762
939.054057266687,12715.2528348214,2847.87933779762
939.226133682837,12704.3628422619,2870.30947172619
939.398192291884,12687.3289434524,2883.08489583333
939.570233091541,12670.4250744048,2905.61255208333
939.742256079519,12651.9933556548,2917.47776785714
939.914261253528,12608.6934449405,2914.32454613095
940.086248611282,12586.880952381,2927.06746279762
940.258218150492,12569.814546131,2938.21751488095
940.430169868868,12520.3057142857,2923.84922619048
940.602103764123,12467.35109375,2905.67756696429
940.774019833969,12432.535625,2902.94694196429
940.945918076116,12437.4442485119,2942.73604910714
941.117798488277,12401.881108631,2947.09204613095
941.289661068162,12358.6462127976,2930.93584821429
941.461505813485,12322.7254910714,2930.90334077381
941.633332721956,12306.4392633929,2941.33822916667
941.805141791287,12282.0586830357,2945.17410714286
941.976933019189,12261.0913839286,2962.46806547619
942.148706403374,12226.5034672619,2954.56875744048
942.320461941554,12174.6215922619,2944.4264360119
942.49219963144,12141.3014657738,2944.10136160714
942.663919470744,12138.1482440476,2966.2714360119
942.835621457178,12113.0525,2970.98501488095
943.007305588452,12064.9089806548,2953.82108630952
943.17897186228,12042.2512946429,2957.36439732143
943.350620276371,12012.6045089286,2952.91087797619
943.522250828439,11979.5769494048,2943.93882440476
943.693863516193,11925.32203125,2916.92514136905
943.865458337347,11897.1705877976,2920.4034375
944.037035289612,11865.4433258929,2919.07063244048
944.208594370698,11853.4155729167,2944.10136160714
944.380135578319,11836.8367782738,2953.65854910714
944.551658910185,11773.6423139881,2921.24863095238
944.723164364008,11766.7832440476,2945.46667410714
944.8946519375,11742.6952306548,2947.87222470238
945.066121628372,11716.364203869,2941.6958110119
945.237573434335,11684.8970014881,2942.21593005952
945.409007353102,11652.3570535714,2937.89244047619
945.580423382385,11607.5943080357,2920.2734077381
945.751821519893,11594.0387053571,2933.99154761905
945.92320176334,11560.035922619,2921.47618303571
946.094564110437,11551.0313616071,2940.78560267857
946.265908558895,11520.2468154762,2938.1525
946.437235106426,11486.8616741071,2932.04110119048
946.608543750742,11468.2024032738,2940.26548363095
946.779834489554,11418.4985267857,2924.07677827381
946.951107320573,11378.9694791667,2908.60323660714
947.122362241513,11355.7266592262,2910.09857886905
947.293599250082,11331.8011830357,2920.82603422619
947.464818343995,11293.5399255952,2911.30135416667
947.636019520962,11286.3882886905,2932.30116071429
947.807202778695,11272.3450744048,2937.53485863095
947.978368114904,11229.5002678571,2928.07519345238
948.149515527303,11214.676875,2939.25775297619
948.320645013603,11172.0921279762,2913.83693452381
948.491756571515,11130.3525744048,2902.55685267857
948.66285019875,11075.6750595238,2878.82642113095
948.833925893021,11046.8734672619,2882.20719494048
949.004983652038,11001.753139881,2865.72592261905
949.176023473515,10985.6944642857,2876.32334821429
949.347045355161,10938.6561979167,2861.49995535714
949.518049294689,10918.0789880952,2870.89460565476
949.689035289811,10867.5299181548,2842.35307291667
949.860003338237,10823.6123660714,2834.03116815476
950.03095343768,10793.412953869,2824.44147321429
950.201885585851,10751.9984747024,2812.21867559524
950.372799780462,10719.7185863095,2802.59647321429
950.543696019224,10704.2775520833,2827.33463541667
950.714574299849,10691.9247247024,2840.59767113095
950.885434620049,10667.4791294643,2846.31898065476
951.056276977534,10651.9730803571,2849.37468005952
951.227101370018,10627.2349181548,2849.92730654762
951.39790779521,10577.7911011905,2832.17824404762
951.568696250824,10558.026577381,2842.80817708333
951.73946673457,10520.7730505952,2838.54970238095
951.91021924416,10503.1215104167,2855.48607886905
952.080953777306,10488.3631324405,2862.76774553571
952.251670331719,10493.9219047619,2894.4625
952.422368905111,10476.6929613095,2903.10947916667
952.593049495194,10479.4886011905,2934.6091889881
952.763712099678,10435.1809598214,2920.14337797619
952.934356716277,10414.7987946429,2923.10155505952
953.1049833427,10402.1208928571,2934.99927827381
953.275591976661,10363.2745014881,2928.88787946429
953.446182615869,10342.0796502976,2930.67578869048
953.616755258038,10305.2812276786,2926.28728422619
953.787309900879,10328.654077381,2971.92773065476
953.957846542103,10311.587671131,2980.41217261905
954.128365179422,10286.7194791667,2976.47877232143
954.298865810547,10258.893110119,2984.89819940476
954.46934843319,10222.2572247024,2964.77609375
954.639813045063,10183.3458184524,2961.33030505952
954.810259643877,10153.9590922619,2969.45716517857
954.980688227344,10137.6403571429,2976.96638392857
955.151098793176,10146.5473958333,3005.67045386905
955.321491339083,10109.45640625,2990.52198660714
955.491865862778,10065.1162574405,2969.52218005952
955.662222361972,10042.9786904762,2976.21871279762
955.832560834378,10003.0595535714,2965.13367559524
956.002881277705,9991.51941220238,2975.11345982143
956.173183689667,9947.37430803571,2954.34120535714
956.343468067974,9933.98124255952,2965.62128720238
956.513734410338,9897.0202827381,2954.69878720238
956.683982714471,9854.53305803571,2940.81811011905
956.854212978085,9823.06585565476,2930.54575892857
957.024425198891,9806.25950892857,2941.33822916667
957.1946193746,9786.46247767857,2945.20661458333
957.364795502924,9734.25552827381,2923.65418154762
957.534953581576,9716.70151041667,2932.85378720238
957.705093608265,9683.90150297619,2921.11860119048
957.875215580705,9655.39247767857,2912.3415922619
958.045319496606,9658.96829613095,2944.10136160714
958.21540535368,9639.13875744048,2946.50691220238
958.38547314964,9613.75044642857,2940.00542410714
958.555522882195,9582.12070684524,2931.06587797619
958.725554549059,9534.49730654762,2910.78123511905
958.895568147942,9528.28838541667,2924.56438988095
959.065563676556,9515.74051339286,2941.04566220238
959.235541132613,9499.87688244048,2945.66171875
959.405500513824,9457.61720982143,2927.97767113095
959.575441817901,9399.62393601191,2899.37112351191
959.745365042556,9390.78191220238,2912.17905505952
959.9152701855,9372.12264136905,2916.95764880952
960.085157244445,9339.94027529762,2913.64188988095
960.255026217102,9337.43720238095,2937.3398139881
960.424877101183,9330.22055059524,2958.85973958333
960.5947098944,9276.32321428571,2922.06131696429
960.764524594464,9254.18564732143,2927.13247767857
960.934321199086,9214.81913690476,2912.66666666667
961.104099705979,9189.95094494048,2910.35863839286
961.273860112853,9174.86749255952,2922.51642113095
961.443602417421,9153.8676860119,2923.32910714286
961.613326617395,9094.54160714286,2889.45635416667
961.783032710485,9059.69363095238,2877.20104910714
961.952720694403,9010.08727678571,2849.73226190476
962.122390566862,9081.92872023809,2947.74219494048
962.292042325572,9062.00165922619,2944.23139136905
962.461675968244,9017.10888392857,2924.82444940476
962.631291492592,8967.9251264881,2894.78757440476
962.800888896325,8929.07873511905,2884.93781994048
962.970468177157,8929.89142113095,2911.17132440476
963.140029332799,8973.54891369048,2977.25895089286
963.309572360961,8919.22898065476,2954.17866815476
963.479097259356,8877.16435267857,2934.08906994048
963.648604025695,8860.61806547619,2938.31503720238
963.818092657691,8811.95442708333,2909.64347470238
963.987563153053,8791.92984375,2908.73326636905
964.157015509495,8799.27652529762,2941.14318452381
964.326449724727,8755.55401785714,2916.63257440476
964.495865796462,8740.730625,2924.95447916667
964.665263722411,8711.83151041667,2920.11087053571
964.834643500285,8680.26678571429,2909.05834077381
965.004005127796,8643.43585565476,2896.12037946429
965.173348602655,8632.96845982143,2899.82622767857
965.342673922576,8632.02574404762,2921.67122767857
965.511981085267,8614.01662202381,2931.65101190476
965.681270088442,8507.55475446429,2841.3453422619
965.850540929813,8478.20053571429,2833.73860119048
966.01979360709,8488.44037946429,2863.0603125
966.189028117985,8501.02075892857,2895.04763392857
966.35824446021,8482.97912946429,2896.28291666667
966.527442631476,8462.88953125,2890.65912946429
966.696622629496,8373.33153273809,2820.80063988095
966.86578445198,8357.72796130952,2818.98022321429
967.03492809664,8341.34421130952,2826.03433779762
967.204053561188,8337.60585565476,2839.55743303571
967.373160843336,8313.81040922619,2838.32215029762
967.542249940794,8283.12338541667,2827.59469494048
967.711320851275,8245.34973958333,2812.86882440476
967.880373572491,8263.81396577381,2847.81432291667
968.049408102152,8252.24131696429,2856.39628720238
968.21842443797,8252.89146577381,2879.3140327381
968.387422577658,8235.36995535714,2882.10967261905
968.556402518926,8232.99691220238,2900.21631696429
968.725364259486,8229.87619791666,2918.32296130952
968.89430779705,8220.93665178572,2932.39868303571
969.06323312933,8217.9459672619,2943.64625744048
969.232140254036,8215.18283482143,2963.37827380952
969.401029168881,8169.70492559524,2944.68649553571
969.569899871576,8137.55506696428,2937.17727678571
969.738752359834,8122.47161458333,2939.16023065476
969.907586631364,8101.27676339286,2939.81037946429
970.076402683879,8081.12215029762,2939.32276785714
970.245200515091,8150.55804315476,3019.74617559524
970.413980122711,8154.65398065476,3048.84033482143
970.582741504451,8135.31205357143,3044.90693452381
970.751484658022,8101.04921130952,3029.59593005952
970.920209581136,8094.15763392857,3039.47819196429
971.088916271504,8086.22581845238,3051.79851190476
971.257604726839,8068.80183035714,3053.48889880952
971.426274944852,8035.09161458333,3039.51069940476
971.594926923254,8004.53462053571,3025.04488839286
971.763560659756,7968.35383928571,3010.18898809524
971.932176152072,7956.06602678571,3016.85301339286
972.100773397911,7921.73816964286,3003.19988839286
972.269352394986,7893.13162202381,2996.37332589286
972.437913141009,7844.24043154762,2960.68015625
972.60645563369,7841.83488095238,2973.650625
972.774979870742,7814.62615327381,2966.14140625
972.943485849876,7806.69433779762,2971.27758184524
973.111973568804,7782.60632440476,2967.76677827381
973.280443025237,7749.09115327381,2956.25914434524
973.448894216887,7747.07569196429,2969.65220982143
973.617327141465,7724.09293154762,2970.07480654762
973.785741796684,7615.713125,2883.73504464286
973.954138180254,7577.90697172619,2860.1996577381
974.122516289887,7557.29725446428,2859.58201636905
974.290876123296,7532.85165922619,2860.26467261905
974.45921767819,7488.34897321429,2841.89796875
974.627540952283,7461.82290178571,2834.84385416667
974.795845943286,7446.60941964286,2838.02958333333
974.96413264891,7416.05242559524,2831.95069196429
975.132401066867,7399.99375,2834.38875
975.300651194868,7398.01079613095,2846.48151785714
975.468883030625,7360.33467261905,2831.5280952381
975.63709657185,7338.16459821429,2824.14890625
975.805291816254,7334.94636160714,2839.0373139881
975.973468761549,7325.68174107143,2852.9504985119
976.141627405447,7303.67420386905,2848.26942708333
976.309767745658,7278.64347470238,2841.50787946429
976.477889779895,7277.96081845238,2857.89162946429
976.64599350587,7264.08014136905,2857.30649553571
976.814078921293,7239.01690476191,2853.34058779762
976.982146023877,7225.59133184524,2855.87616815476
977.150194811332,7216.87933779762,2864.91323660714
977.318225281372,7207.54970238095,2873.91779761905
977.486237431706,7205.37170386905,2889.29381696429
977.654231260048,7192.56377232143,2892.90214285714
977.822206764108,7169.51599702381,2887.92850446429
977.990163941597,7180.47100446428,2914.09699404762
978.158102790229,7151.24681547619,2901.51661458333
978.326023307714,7125.11083333333,2897.09560267857
978.493925491763,7125.82599702381,2913.34932291667
978.661809340089,7096.34174851191,2904.21473214286
978.829674850403,7050.76631696428,2880.87438988095
978.997522020416,7033.66740327381,2876.61591517857
979.165350847841,7027.75104910714,2889.16378720238
979.333161330388,6988.96967261905,2869.65932291667
979.50095346577,6968.91258184524,2866.01848958333
979.668727251698,6935.52744047619,2856.49380952381
979.836482685884,6924.83249255952,2867.48132440476
980.004219766038,6909.8465625,2871.51224702381
980.171938489873,6889.43188988095,2868.00144345238
980.339638855101,6868.72465029762,2858.47676339286
980.507320859433,6819.7359375,2834.03116815476
980.67498450058,6810.92642113095,2843.06823660714
980.842629776255,6805.95278273809,2855.77864583333
981.010256684168,6785.24554315476,2849.08211309524
981.177865222031,6773.05525297619,2857.92413690476
981.345455387557,6783.45763392857,2882.95486607143
981.513027178456,6755.69627976191,2872.12988839286
981.68058059244,6770.38964285714,2905.9376264881
981.848115627221,6763.10797619048,2915.4948139881
982.01563228051,6729.98289434524,2903.92216517857
982.18313055002,6723.05880952381,2918.42048363095
982.35061043346,6720.39319940476,2925.27955357143
982.518071928544,6702.3190625,2928.49779017857
982.685515032983,6687.49566964286,2928.33525297619
982.852939744488,6660.57950892857,2923.9467485119
983.020346060771,6640.74997023809,2924.10928571429
983.187733979543,6618.35234375,2916.40502232143
983.355103498517,6587.92537946428,2899.50115327381
983.522454615403,6533.11783482143,2866.27854910714
983.689787327914,6514.58859375,2868.81412946429
983.85710163376,6491.2482514881,2865.98598214286
984.024397530654,6483.28392857143,2871.77230654762
984.191675016307,6459.71603422619,2862.83276041667
984.358934088431,6435.20542410714,2855.64861607143
984.526174744737,6413.71800595238,2854.96595982143
984.693396982937,6401.88529761905,2857.14395833333
984.860600800742,6368.30511160714,2844.0759672619
985.027786195865,6356.99252232143,2847.55426339286
985.194953166016,6334.39985119048,2840.30510416667
985.362101708907,6335.40758184524,2851.00005208333
985.529231822251,6307.09360119048,2834.48627232143
985.696343503757,6279.8848735119,2818.20004464286
985.863436751139,6258.39745535714,2815.76198660714
986.030511562108,6243.63907738095,2813.84404761905
986.197567934375,6225.33738839286,2815.1443452381
986.364605865651,6223.32192708333,2824.27893601191
986.531625353649,6203.36235863095,2816.21709077381
986.698626396081,6197.41349702381,2817.12729910714
986.865608990657,6182.91517857143,2818.33007440476
987.032573135089,6186.45848958333,2832.86090029762
987.199518827089,6170.36730654762,2832.92591517857
987.366446064368,6176.02360119048,2853.86070684524
987.533354844638,6168.87196428571,2860.36219494048
987.700245165611,6139.45273065476,2848.20441220238
987.867117024999,6125.01942708333,2846.57904017857
988.033970420512,6114.97462797619,2850.18736607143
988.200805349863,6092.70703125,2840.59767113095
988.367621810762,6081.78453125,2836.53424107143
988.534419800922,6052.78789434524,2816.96476190476
988.701199318055,6029.12247767857,2805.35960565476
988.867960359871,5995.67232142857,2791.70648065476
989.034702924082,5984.1646875,2795.47734375
989.201427008401,5994.89214285714,2819.82541666667
989.368132610538,5997.33020089286,2834.5187797619
989.534819728206,5990.95874255952,2843.23077380952
989.701488359115,5965.18034226191,2830.58537946429
989.868138500978,5968.00848958333,2844.43354910714
990.034770151505,5966.15556547619,2849.89479910714
990.201383308409,5958.06121279762,2864.32810267857
990.367977969402,5937.6140327381,2857.14395833333
990.534554132194,5916.77676339286,2852.98300595238
990.701111794497,5904.68399553571,2849.82978422619
990.867650954024,5886.93493303571,2846.38399553571
991.034171608485,5863.49706845238,2835.65654017857
991.200673755592,5856.15038690476,2841.0852827381
991.367157393057,5852.63958333333,2852.62542410714
991.533622518592,5840.41678571429,2857.56655505952
991.700069129907,5819.28694940476,2851.74772321429
991.866497224715,5812.03779017857,2862.60520833333
992.032906800727,5795.78406994048,2868.22899553571
992.199297855655,5795.81657738095,2886.59569940476
992.36567038721,5778.5551264881,2876.25833333333
992.532024393104,5782.00091517857,2892.41453125
992.698359871049,5752.67920386905,2876.97349702381
992.864676818756,5739.70873511905,2874.08033482143
993.030975233936,5712.04490327381,2859.0944047619
993.197255114302,5693.54816964286,2853.21055803571
993.363516457565,5680.28513392857,2859.28944940476
993.529759261436,5661.78840029762,2856.91640625
993.695983523628,5638.80563988095,2846.41650297619
993.862189241851,5628.66331845238,2851.87775297619
994.028376413817,5628.89087053572,2866.47359375
994.194545037239,5610.29661458333,2862.28013392857
994.360695109827,5587.93149553571,2852.65793154762
994.526826629292,5562.47816964286,2842.51561011905
994.692939593348,5543.36379464286,2835.52651041667
994.859033999706,5513.91205357143,2825.02660714286
995.025109846075,5484.52532738095,2810.13819940476
995.19116713017,5464.17566964286,2800.28844494048
995.3572058497,5431.08309523809,2780.36138392857
995.523226002378,5419.08784970238,2774.51004464286
995.689227585916,5382.71202380952,2753.8353125
995.855210598024,5386.58040922619,2774.21747767857
996.021175036415,5350.49715029762,2754.61549107143
996.1871208988,5329.6273735119,2748.3740625
996.353048182891,5291.72369791667,2725.48882440476
996.518956886399,5300.20813988095,2749.47931547619
996.684847007035,5306.44956845238,2772.68962797619
996.850718542512,5292.50387648809,2768.30112351191
997.016571490542,5275.37245535714,2766.15563244048
997.182405848835,5256.25808035714,2756.14334077381
997.348221615103,5249.39901041667,2761.53957589286
997.514018787058,5254.08008184524,2776.55801339286
997.679797362411,5248.52130952381,2785.04245535714
997.845557338875,5254.30763392857,2803.79924851191
998.01129871416,5270.20377232143,2839.91501488095
998.177021485978,5277.32290178571,2862.34514880952
998.342725652041,5257.98097470238,2855.25852678571
998.508411210061,5254.01506696429,2862.2476264881
998.674078157749,5263.01962797619,2880.45179315476
998.839726492816,5274.3322172619,2900.08628720238
999.005356212975,5254.82775297619,2896.41294642857
999.170967315936,5232.46263392857,2884.74277529762
999.336559799412,5212.43805059524,2875.73821428571
999.502133661114,5223.52308779762,2897.09560267857
999.667688898753,5210.06500744048,2899.30610863095
999.833225510041,5294.87691964286,3003.36242559524
999.998743492691,5265.78276041667,2983.59790178571
1000.16424284441,5261.16670386905,2989.41673363095
1000.32972356292,5212.53557291667,2956.90929315476
1000.49518564592,5212.14548363095,2970.46489583333
1000.66062909113,5192.67352678571,2970.95250744048
1000.82605389626,5191.47075148809,2980.37966517857
1000.99146005901,5166.60255952381,2970.7899702381
1001.15684757711,5145.96033482143,2964.28848214286
1001.32221644827,5098.66200892857,2927.16498511905
1001.48756667019,5061.66854166667,2896.12037946429
1001.65289824058,5028.12086309524,2874.1128422619
1001.81821115716,5040.70124255952,2891.47181547619
1001.98350541765,5023.04970238095,2876.84346726191
1002.14878101974,5021.71689732143,2893.35724702381
1002.31403796116,4995.41837797619,2879.89916666667
1002.47927623961,4995.58091517857,2889.26130952381
1002.64449585281,4999.22174851191,2902.55685267857
1002.80969679847,4993.30539434524,2913.60938244048
1002.9748790743,4989.20945684524,2920.14337797619
1003.14004267801,4966.8768452381,2907.43296875
1003.30518760731,4856.05898065476,2804.74196428571
1003.47031385991,4853.8159672619,2815.33938988095
1003.63542143353,4823.32398809524,2797.62283482143
1003.80051032588,4843.12101934524,2825.67675595238
1003.96558053467,4810.67859375,2801.81629464286
1004.13063205761,4817.76521577381,2819.46783482143
1004.29566489241,4785.97293898809,2797.07020833333
1004.46067903678,4761.23477678571,2782.44186011905
1004.62567448844,4738.83715029762,2771.0317485119
1004.7906512451,4757.95152529762,2803.83175595238
1004.95560930447,4754.05063244048,2812.99885416667
1005.12054866425,4740.03992559524,2805.42462053571
1005.28546932217,4723.68868303572,2805.91223214286
1005.45037127593,4736.95171875,2841.15029761905
1005.61525452325,4701.42108630952,2816.34712053571
1005.78011906183,4695.95983630952,2823.49875744048
1005.9449648894,4692.38401785714,2832.82839285714
1006.10979200365,4691.50631696429,2844.69360863095
1006.2746004023,4673.30215029762,2835.26645089286
1006.43939008307,4663.22484375,2836.04662946429
1006.60416104366,4668.45854166667,2852.1378125
1006.76891328179,4659.74654761905,2852.2678422619
1006.93364679516,4646.32097470238,2850.93503720238
1007.0983615815,4650.09183779762,2861.07735863095
1007.2630576385,4649.83177827381,2869.98439732143
1007.42773496389,4679.44605654762,2911.65893601191
1007.59239355537,4651.81473214286,2892.73960565476
1007.75703341066,4656.10571428572,2906.39273065476
1007.92165452747,4656.30075892857,2917.99788690476
1008.0862569035,4659.51899553572,2929.92811755952
1008.25084053648,4639.72196428571,2915.62484375
1008.41540542411,4637.77151785714,2919.94833333333
1008.5799515641,4621.90788690476,2917.21770833333
1008.74447895416,4599.51026041667,2904.31225446429
1008.90898759202,4564.20718005952,2870.37448660714
1009.07347747537,4576.95009672619,2893.22721726191
1009.23794860194,4569.63592261905,2893.38975446429
1009.40240096942,4561.6390922619,2895.37270833333
1009.56683457554,4550.22898065476,2890.30154761905
1009.731249418,4541.25692708333,2887.79847470238
1009.89564549452,4526.8236235119,2877.33107886905
1010.06002280281,4516.64879464286,2872.78003720238
1010.22438134058,4505.85632440476,2873.59272321429
1010.38872110554,4498.67218005952,2870.50451636905
1010.5530420954,4490.90290178571,2873.82027529762
1010.71734430788,4453.97444940476,2843.32829613095
1010.88162774068,4418.7038764881,2822.26347470238
1011.04589239152,4430.76413690476,2842.51561011905
1011.21013825811,4416.00575892857,2837.99707589286
1011.37436533816,4406.44857142857,2835.7540625
1011.53857362939,4426.27811011905,2864.39311755952
1011.70276312949,4412.85253720238,2864.13305803571
1011.8669338362,4388.66700148809,2848.10688988095
1012.03108574721,4403.29534970238,2874.08033482143
1012.19521886024,4401.73499255952,2875.51066220238
1012.359333173,4390.09732886905,2877.03851190476
1012.5234286832,4369.94271577381,2865.04326636905
1012.68750538856,4355.67194940476,2859.71204613095
1012.85156328678,4335.22476934524,2846.83909970238
1013.01560237558,4323.58710565476,2850.54494791667
1013.17962265267,4309.90147321429,2849.43969494048
1013.34362411576,4280.31970238095,2831.20302083333
1013.50760676256,4289.38927827381,2850.21987351191
1013.67157059078,4299.07649553571,2872.65000744048
1013.83551559814,4284.96826636905,2871.99985863095
1013.99944178234,4255.74407738095,2854.90094494048
1014.16334914111,4255.5490327381,2867.54633928571
1014.32723767214,4263.93595238095,2884.71026785714
1014.49110737315,4252.42831845238,2882.07716517857
1014.65495824186,4254.08619791667,2896.25040922619
1014.81879027597,4250.3478422619,2904.5723139881
1014.9826034732,4205.61760416667,2871.8048139881
1015.14639783125,4212.83425595238,2886.46566964286
1015.31017334784,4211.43643601191,2896.67300595238
1015.47393002069,4196.06041666667,2886.72572916667
1015.6376678475,4181.65962053571,2883.89758184524
1015.80138682598,4173.72780505952,2880.41928571429
1015.96508695385,4173.24019345238,2889.74892113095
1016.12876822881,4168.55912202381,2898.4284077381
1016.29243064858,4151.9153125,2889.65139880952
1016.45607421088,4145.83642113095,2889.84644345238
1016.6196989134,4144.76367559524,2897.12811011905
1016.78330475387,4138.65227678571,2900.37885416667
1016.94689173,4105.3646577381,2876.45337797619
1017.11045983949,4162.48023065476,2938.67261904762
1017.27400908006,4167.25882440476,2950.53783482143
1017.43753944942,4178.31135416667,2961.62287202381
1017.60105094529,4162.90282738095,2953.95111607143
1017.76454356536,4143.62591517857,2942.70354166667
1017.92801730736,4170.89965773809,2979.111875
1018.091472169,4147.68934523809,2968.35191220238
1018.25490814798,4135.62908482143,2962.8581547619
1018.41832524203,4149.73731398809,2984.11802083333
1018.58172344884,4134.91392113095,2980.93229166667
1018.74510276614,4152.37041666667,3005.70296130952
1018.90846319164,4134.81639880952,2998.74636904762
1019.07180472303,4128.1523735119,3001.89959077381
1019.23512735805,4144.99122767857,3031.28631696429
1019.3984310944,4127.66476190476,3019.90871279762
1019.56171592978,4110.66337053571,3008.30355654762
1019.72498186192,4123.24375,3035.31723958333
1019.88822888853,4107.73770089286,3023.61456101191
1020.05145700731,4109.65563988095,3032.65162946429
1020.21466621597,4104.77952380952,3039.185625
1020.37785651224,4121.58587053571,3062.78602678571
1020.54102789381,4034.4984375,2984.34557291667
1020.70418035841,4007.64729166667,2962.63060267857
1020.86731390374,3982.12895089286,2950.73287946429
1021.03042852752,3998.18762648809,2973.68313244048
1021.19352422745,3999.58544642857,2978.20166666667
1021.35660100125,3950.79177827381,2934.67420386905
1021.51965884663,3930.83220982143,2917.15269345238
1021.68269776131,3930.44212053571,2921.86627232143
1021.84571774298,3901.90058779762,2901.12652529762
1022.00871878937,3882.29860119048,2887.6359375
1022.17170089819,3850.08372767857,2862.63771577381
1022.33466406715,3834.15508184524,2851.35763392857
1022.49760829395,3833.6674702381,2854.05575148809
1022.66053357632,3802.78540178571,2830.1627827381
1022.82343991196,3785.42642857143,2821.61332589286
1022.98632729858,3794.85358630952,2836.07913690476
1023.1491957339,3783.57350446429,2827.82224702381
1023.31204521562,3772.9110639881,2823.49875744048
1023.47487574147,3755.09698660714,2814.52670386905
1023.63768730915,3748.59549851191,2810.65831845238
1023.80047991637,3724.53999255952,2791.67397321429
1023.96325356084,3744.30451636905,2814.65673363095
1024.12600824028,3757.24247767857,2837.44444940476
1024.28874395239,3760.26566964286,2846.22145833333
1024.4514606949,3735.98261160714,2828.27735119048
1024.6141584655,3691.38240327381,2791.77149553571
1024.77683726192,3677.01411458333,2784.74988839286
1024.93949708186,3686.99389880952,2799.50826636905
1025.10213792303,3668.26961309524,2789.3334375
1025.26475978316,3665.05137648809,2789.2034077381
1025.42736265994,3649.96792410714,2783.22203869048
1025.58994655109,3647.10726934524,2785.66009672619
1025.75251145432,3662.80836309524,2808.28527529762
1025.91505736734,3642.39369047619,2798.59805803571
1026.07758428787,3645.15682291667,2806.62739583333
1026.24009221362,3648.57010416667,2815.37189732143
1026.40258114229,3641.84106398809,2813.19389880952
1026.56505107161,3639.59805059524,2818.78517857143
1026.72750199927,3626.04244791667,2814.42918154762
1026.889933923,3638.23273809524,2823.62878720238
1027.0523468405,3631.76375744048,2825.48171130952
1027.21474074949,3625.71737351191,2829.35009672619
1027.37711564767,3618.078125,2832.82839285714
1027.53947153277,3603.18971726191,2824.63651785714
1027.70180840248,3604.88010416667,2832.01570684524
1027.86412625453,3597.79348214286,2828.43988839286
1028.02642508662,3602.99467261905,2835.8840922619
1028.18870489646,3591.5845610119,2829.25257440476
1028.35096568178,3573.70546875,2814.49419642857
1028.51320744027,3566.87890625,2814.62422619048
1028.67543016965,3573.47791666667,2827.91976934524
1028.83763386764,3582.09238839286,2836.3066889881
1028.99981853193,3570.64976934524,2828.30985863095
1029.16198416026,3580.27197172619,2842.19053571429
1029.32413075031,3572.56770833333,2836.40421130952
1029.48625829982,3563.98574404762,2829.70767857143
1029.64836680649,3535.15164434524,2810.13819940476
1029.81045626803,3515.48464285714,2795.47734375
1029.97252668215,3498.28820684524,2780.91401041667
1030.13457804657,3495.10247767857,2784.58735119048
1030.29661035899,3482.94469494048,2778.57347470238
1030.45862361713,3480.47412946429,2780.36138392857
1030.6206178187,3488.34093005952,2790.08110863095
1030.78259296141,3484.1474702381,2788.5207514881
1030.94454904297,3477.84102678571,2787.54552827381
1031.1064860611,3468.41386904762,2782.66941220238
1031.2684040135,3476.05311755952,2795.18477678571
1031.4303028979,3484.99266369048,2811.04840773809
1031.59218271199,3490.09633184524,2826.52194940476
1031.75404345349,3489.41367559524,2833.96615327381
1031.91588512011,3489.77125744048,2839.49241815476
1032.07770770956,3482.55460565476,2837.89955357143
1032.23951121957,3483.69236607143,2843.65337053572
1032.40129564783,3477.51595238095,2843.68587797619
1032.56306099205,3445.59364583333,2818.10252232143
1032.72480724996,3466.5284375,2841.96298363095
1032.88653441926,3458.07650297619,2843.68587797619
1033.04824249766,3470.52685267857,2863.54792410714
1033.20993148288,3469.90921130952,2871.77230654762
1033.37160137262,3463.40772321429,2866.73365327381
1033.53325216461,3482.55460565476,2889.16378720238
1033.69488385654,3472.5423139881,2884.97032738095
1033.85649644613,3476.18314732143,2892.67459077381
1034.0180899311,3449.75459821429,2870.14693452381
1034.17966430915,3421.50563244048,2846.25396577381
1034.341219578,3412.01345982143,2837.44444940476
1034.50275573535,3412.01345982143,2843.10074404762
1034.66427277893,3391.01365327381,2826.71699404762
1034.82577070643,3386.43010416667,2824.66902529762
1034.98724951558,3387.04774553571,2827.23711309524
1035.14870920408,3412.50107142857,2857.69658482143
1035.31014976965,3389.55081845238,2837.05436011905
1035.47157120999,3388.67311755952,2839.75247767857
1035.63297352283,3369.85130952381,2827.85475446429
1035.79435670586,3394.71950148809,2858.21670386905
1035.95572075681,3395.75973958333,2862.21511904762
1036.11706567338,3379.08342261905,2854.34831845238
1036.27839145329,3377.97816964286,2859.06189732143
1036.43969809424,3378.69333333333,2857.43652529762
1036.60098559395,3390.68857886905,2870.82959077381
1036.76225395013,3391.66380208333,2879.41155505952
1036.92350316049,3381.19640625,2871.70729166667
1037.08473322275,3384.96726934524,2887.24584821429
1037.24594413461,3435.80890625,2946.18183779762
1037.40713589379,3433.04577380952,2949.075
1037.56830849799,3473.68007440476,2991.33467261905
1037.72946194494,3478.39365327381,3001.31445684524
1037.89059623233,3470.85192708333,2997.51108630952
1038.05171135789,3460.57957589286,2993.54517857143
1038.21280731933,3443.22060267857,2978.94933779762
1038.37388411435,3437.33675595238,2974.59334077381
1038.53494174066,3412.89116071429,2952.45577380952
1038.69598019599,3425.34151041667,2967.18164434524
1038.85699947804,3419.75023065476,2963.60582589286
1039.01799958452,3426.51177827381,2972.64289434524
1039.17898051314,4177.17359375,3694.535625
1039.33994226162,3314.29609375,2849.4071875
1039.50088482767,3366.17796875,2931.3259375
1039.661808209,2999.5915625,2560.64359375
1039.82271240331,3007.7834375,2505.3484375
1039.98359740833,3297.91234375,2866.47359375
1040.14446322176,3297.91234375,2866.47359375
1040.30530984132,3297.91234375,2866.47359375
1040.46613726472,3297.91234375,2866.47359375
1040.62694548966,3297.91234375,2866.47359375
1040.78773451386,3297.91234375,2866.47359375

